{"navigationScene":{"navDataSize":0},"GameObjects":[{"UID":1901533765,"ParentUID":0,"Name":"NewBasicEnemy","Tag":"Default","Static":0,"ActiveInHierarchy":1,"ActiveSelf":1,"isBoneRoot":0,"baseState":[1.0,0.0,0.0,0.0,0.0,1.0,0.0,0.0,0.0,0.0,1.0,0.0,0.0,0.0,0.0,1.0],"Navigable":0,"No Walkable":0,"openInHierarchy":1,"isPrefab":0,"isPrefabSync":0,"prefabUID":0,"Components":[{"Type":0,"Enabled":1,"Position":[0.0,0.0,0.0],"Rotation":[0.0,0.0,0.0,1.0],"Euler":[-0.0,0.0,-0.0],"Scale":[1.0,1.0,1.0],"Global":[1.0,0.0,0.0,0.0,0.0,1.0,0.0,0.0,0.0,0.0,1.0,0.0,0.0,0.0,0.0,1.0]},{"Type":9,"Enabled":1,"script":"EnemyControllerScript","scriptInfo":{"playerName":"Player","playerBboxName":"PlayerMesh","myBboxName":"EnemyMesh","health":20,"experience":20}},{"Type":9,"Enabled":1,"script":"BasicEnemyAIScript","scriptInfo":{"activationDistance":1000.0,"chaseSpeed":160.0,"returnSpeed":150.0,"returnDistance":1500.0,"attackDuration":1.0,"attackDamage":20.0,"cooldownTime":1.0}},{"Type":15,"Enabled":1,"pos":[0.0,80.0,14.0],"r":[40.0,80.0,30.0],"is_player":0,"debug_draw":1}]},{"UID":4031913866,"ParentUID":1901533765,"Name":"Scene","Tag":"Default","Static":0,"ActiveInHierarchy":1,"ActiveSelf":1,"isBoneRoot":1,"baseState":[1.0,0.0,0.0,0.0,0.0,1.0,0.0,0.0,0.0,0.0,1.0,0.0,0.0,0.0,0.0,1.0],"Navigable":0,"No Walkable":0,"openInHierarchy":1,"isPrefab":0,"isPrefabSync":0,"prefabUID":0,"Components":[{"Type":0,"Enabled":1,"Position":[0.0,0.0,0.0],"Rotation":[0.0,0.0,0.0,1.0],"Euler":[-0.0,0.0,-0.0],"Scale":[1.0,1.0,1.0],"Global":[1.0,0.0,0.0,0.0,0.0,1.0,0.0,0.0,0.0,0.0,1.0,0.0,0.0,0.0,0.0,1.0]},{"Type":4,"Enabled":1,"stateMachineUID":77834620}]},{"UID":3660846822,"ParentUID":4031913866,"Name":"joint1_$AssimpFbx$_Translation","Tag":"Default","Static":0,"ActiveInHierarchy":1,"ActiveSelf":1,"isBoneRoot":0,"baseState":[1.0,0.0,0.0,0.0,0.0,1.0,0.0,0.0,0.0,0.0,1.0,0.0,0.0,0.0,0.0,1.0],"Navigable":0,"No Walkable":0,"openInHierarchy":0,"isPrefab":0,"isPrefabSync":0,"prefabUID":0,"Components":[{"Type":0,"Enabled":1,"Position":[0.0,74.25729370117188,-0.9262917041778565],"Rotation":[0.0,0.0,0.0,1.0],"Euler":[-0.0,0.0,-0.0],"Scale":[1.0,1.0,1.0],"Global":[1.0,0.0,0.0,0.0,0.0,1.0,0.0,74.25729370117188,0.0,0.0,1.0,-0.9262917041778565,0.0,0.0,0.0,1.0]}]},{"UID":480812390,"ParentUID":3660846822,"Name":"joint1_$AssimpFbx$_PreRotation","Tag":"Default","Static":0,"ActiveInHierarchy":1,"ActiveSelf":1,"isBoneRoot":0,"baseState":[1.0,0.0,0.0,0.0,0.0,1.0,0.0,0.0,0.0,0.0,1.0,0.0,0.0,0.0,0.0,1.0],"Navigable":0,"No Walkable":0,"openInHierarchy":1,"isPrefab":0,"isPrefabSync":0,"prefabUID":0,"Components":[{"Type":0,"Enabled":1,"Position":[0.0,0.0,0.0],"Rotation":[0.3336539566516876,0.6234381198883057,0.3336539566516876,0.6234381198883057],"Euler":[56.309932708740237,90.0,0.0],"Scale":[1.0,1.0,1.0],"Global":[-1.1920928955078126e-7,0.0,1.0000001192092896,0.0,0.8320503830909729,0.5547001361846924,0.0,74.25729370117188,-0.5547002553939819,0.8320503830909729,-1.1920928955078126e-7,-0.9262917041778565,0.0,0.0,0.0,1.0]}]},{"UID":3699829243,"ParentUID":480812390,"Name":"joint1_$AssimpFbx$_Rotation","Tag":"Default","Static":0,"ActiveInHierarchy":1,"ActiveSelf":1,"isBoneRoot":0,"baseState":[1.0,0.0,0.0,0.0,0.0,1.0,0.0,0.0,0.0,0.0,1.0,0.0,0.0,0.0,0.0,1.0],"Navigable":0,"No Walkable":0,"openInHierarchy":1,"isPrefab":0,"isPrefabSync":0,"prefabUID":0,"Components":[{"Type":0,"Enabled":1,"Position":[0.0,0.0,0.0],"Rotation":[0.0,0.0,0.0,1.0],"Euler":[-0.0,0.0,-0.0],"Scale":[1.0,1.0,1.0],"Global":[-1.1920928955078126e-7,0.0,1.0000001192092896,0.0,0.8320503830909729,0.5547001361846924,0.0,74.25729370117188,-0.5547002553939819,0.8320503830909729,-1.1920928955078126e-7,-0.9262917041778565,0.0,0.0,0.0,1.0]}]},{"UID":1490437796,"ParentUID":3699829243,"Name":"joint1","Tag":"Default","Static":0,"ActiveInHierarchy":1,"ActiveSelf":1,"isBoneRoot":0,"baseState":[1.0,0.0,0.0,0.0,0.0,1.0,0.0,0.0,0.0,0.0,1.0,0.0,0.0,0.0,0.0,1.0],"Navigable":0,"No Walkable":0,"openInHierarchy":1,"isPrefab":0,"isPrefabSync":0,"prefabUID":0,"Components":[{"Type":0,"Enabled":1,"Position":[0.0,0.0,0.0],"Rotation":[0.0,0.0,0.0,1.0],"Euler":[-0.0,0.0,-0.0],"Scale":[1.0,1.0,1.0],"Global":[-1.1920928955078126e-7,0.0,1.0000001192092896,0.0,0.8320503830909729,0.5547001361846924,0.0,74.25729370117188,-0.5547002553939819,0.8320503830909729,-1.1920928955078126e-7,-0.9262917041778565,0.0,0.0,0.0,1.0]}]},{"UID":2906968134,"ParentUID":1490437796,"Name":"joint20_$AssimpFbx$_Translation","Tag":"Default","Static":0,"ActiveInHierarchy":1,"ActiveSelf":1,"isBoneRoot":0,"baseState":[1.0,0.0,0.0,0.0,0.0,1.0,0.0,0.0,0.0,0.0,1.0,0.0,0.0,0.0,0.0,1.0],"Navigable":0,"No Walkable":0,"openInHierarchy":1,"isPrefab":0,"isPrefabSync":0,"prefabUID":0,"Components":[{"Type":0,"Enabled":1,"Position":[-8.145440101623536,-4.3170294761657719,-16.304399490356447],"Rotation":[0.0,0.0,0.0,1.0],"Euler":[-0.0,0.0,-0.0],"Scale":[1.0,1.0,1.0],"Global":[-1.1920928955078126e-7,0.0,1.0000001192092896,-16.304399490356447,0.8320503830909729,0.5547001361846924,0.0,65.08522033691406,-0.5547002553939819,0.8320503830909729,-1.1920928955078126e-7,0.0000019669532775878908,0.0,0.0,0.0,1.0]}]},{"UID":3002779345,"ParentUID":2906968134,"Name":"joint20_$AssimpFbx$_PreRotation","Tag":"Default","Static":0,"ActiveInHierarchy":1,"ActiveSelf":1,"isBoneRoot":0,"baseState":[1.0,0.0,0.0,0.0,0.0,1.0,0.0,0.0,0.0,0.0,1.0,0.0,0.0,0.0,0.0,1.0],"Navigable":0,"No Walkable":0,"openInHierarchy":1,"isPrefab":0,"isPrefabSync":0,"prefabUID":0,"Components":[{"Type":0,"Enabled":1,"Position":[0.0,0.0,0.0],"Rotation":[0.9570669531822205,0.2897765338420868,-0.0069349161349236969,0.0020996779203414919],"Euler":[179.53939819335938,-0.6908596158027649,-33.69284439086914],"Scale":[0.9999999403953552,1.0,0.9999999403953552],"Global":[-0.01449133176356554,-1.5320409829655547e-7,-0.9998952746391296,-16.304399490356447,0.9998949766159058,0.0,-0.014491232112050057,65.08522033691406,-2.8074833124946964e-8,-1.0000003576278687,2.0674110601248686e-7,0.0000019669532775878908,0.0,0.0,0.0,1.0]}]},{"UID":2353764372,"ParentUID":3002779345,"Name":"joint20_$AssimpFbx$_Rotation","Tag":"Default","Static":0,"ActiveInHierarchy":1,"ActiveSelf":1,"isBoneRoot":0,"baseState":[1.0,0.0,0.0,0.0,0.0,1.0,0.0,0.0,0.0,0.0,1.0,0.0,0.0,0.0,0.0,1.0],"Navigable":0,"No Walkable":0,"openInHierarchy":1,"isPrefab":0,"isPrefabSync":0,"prefabUID":0,"Components":[{"Type":0,"Enabled":1,"Position":[0.0,0.0,0.0],"Rotation":[-0.29247209429740908,0.09335064888000488,0.3297743499279022,0.8927454948425293],"Euler":[-35.730709075927737,-1.5026302337646485,40.06343460083008],"Scale":[0.9999999403953552,0.9999999403953552,0.9999999403953552],"Global":[0.34845170378685,0.4699125587940216,-0.8110265135765076,-16.304399490356447,0.7701993584632874,-0.6366711854934692,-0.037979595363140109,65.08522033691406,-0.5342044234275818,-0.6114181876182556,-0.5837755799293518,0.0000019669532775878908,0.0,0.0,0.0,1.0]}]},{"UID":4083422775,"ParentUID":2353764372,"Name":"joint20","Tag":"Default","Static":0,"ActiveInHierarchy":1,"ActiveSelf":1,"isBoneRoot":0,"baseState":[1.0,0.0,0.0,0.0,0.0,1.0,0.0,0.0,0.0,0.0,1.0,0.0,0.0,0.0,0.0,1.0],"Navigable":0,"No Walkable":0,"openInHierarchy":1,"isPrefab":0,"isPrefabSync":0,"prefabUID":0,"Components":[{"Type":0,"Enabled":1,"Position":[0.0,0.0,0.0],"Rotation":[0.0,0.0,0.0,1.0],"Euler":[-0.0,0.0,-0.0],"Scale":[1.0,1.0,1.0],"Global":[0.34845170378685,0.4699125587940216,-0.8110265135765076,-16.304399490356447,0.7701993584632874,-0.6366711854934692,-0.037979595363140109,65.08522033691406,-0.5342044234275818,-0.6114181876182556,-0.5837755799293518,0.0000019669532775878908,0.0,0.0,0.0,1.0]}]},{"UID":3646983831,"ParentUID":4083422775,"Name":"joint21_$AssimpFbx$_Translation","Tag":"Default","Static":0,"ActiveInHierarchy":1,"ActiveSelf":1,"isBoneRoot":0,"baseState":[1.0,0.0,0.0,0.0,0.0,1.0,0.0,0.0,0.0,0.0,1.0,0.0,0.0,0.0,0.0,1.0],"Navigable":0,"No Walkable":0,"openInHierarchy":1,"isPrefab":0,"isPrefabSync":0,"prefabUID":0,"Components":[{"Type":0,"Enabled":1,"Position":[-27.607698440551759,-9.2376947359433e-15,-0.000030431587219936774],"Rotation":[0.0,0.0,0.0,1.0],"Euler":[-0.0,0.0,-0.0],"Scale":[1.0,1.0,1.0],"Global":[0.34845170378685,0.4699125587940216,-0.8110265135765076,-25.92432403564453,0.7701993584632874,-0.6366711854934692,-0.037979595363140109,43.82179260253906,-0.5342044234275818,-0.6114181876182556,-0.5837755799293518,14.748174667358399,0.0,0.0,0.0,1.0]}]},{"UID":889754485,"ParentUID":3646983831,"Name":"joint21_$AssimpFbx$_PreRotation","Tag":"Default","Static":0,"ActiveInHierarchy":1,"ActiveSelf":1,"isBoneRoot":0,"baseState":[1.0,0.0,0.0,0.0,0.0,1.0,0.0,0.0,0.0,0.0,1.0,0.0,0.0,0.0,0.0,1.0],"Navigable":0,"No Walkable":0,"openInHierarchy":1,"isPrefab":0,"isPrefabSync":0,"prefabUID":0,"Components":[{"Type":0,"Enabled":1,"Position":[0.0,0.0,0.0],"Rotation":[-0.0001700803986750543,0.007243810221552849,-0.02347232773900032,0.999698281288147],"Euler":[-0.0,0.8303155303001404,-2.6900484561920168],"Scale":[0.9999999403953552,0.9999999403953552,0.9999999403953552],"Global":[0.33771657943725588,0.48629844188690188,-0.8058918118476868,-25.92432403564453,0.7997004389762878,-0.5997998118400574,-0.026814468204975129,43.82179260253906,-0.4964137375354767,-0.6354165077209473,-0.5914555191993713,14.748174667358399,0.0,0.0,0.0,1.0]}]},{"UID":2814511307,"ParentUID":889754485,"Name":"joint21_$AssimpFbx$_Rotation","Tag":"Default","Static":0,"ActiveInHierarchy":1,"ActiveSelf":1,"isBoneRoot":0,"baseState":[1.0,0.0,0.0,0.0,0.0,1.0,0.0,0.0,0.0,0.0,1.0,0.0,0.0,0.0,0.0,1.0],"Navigable":0,"No Walkable":0,"openInHierarchy":1,"isPrefab":0,"isPrefabSync":0,"prefabUID":0,"Components":[{"Type":0,"Enabled":1,"Position":[0.0,0.0,0.0],"Rotation":[0.08671066164970398,0.1431695967912674,-0.5107364058494568,0.8432864546775818],"Euler":[17.215560913085939,8.794638633728028,-63.736228942871097],"Scale":[0.9999999403953552,1.0,1.0],"Global":[0.0068388283252716068,0.524574339389801,-0.8513373136520386,-25.92432403564453,0.8603318333625794,0.4308500587940216,0.2723909914493561,43.82179260253906,0.509688138961792,-0.7342957258224487,-0.4483615756034851,14.748174667358399,0.0,0.0,0.0,1.0]}]},{"UID":442932726,"ParentUID":2814511307,"Name":"joint21","Tag":"Default","Static":0,"ActiveInHierarchy":1,"ActiveSelf":1,"isBoneRoot":0,"baseState":[1.0,0.0,0.0,0.0,0.0,1.0,0.0,0.0,0.0,0.0,1.0,0.0,0.0,0.0,0.0,1.0],"Navigable":0,"No Walkable":0,"openInHierarchy":1,"isPrefab":0,"isPrefabSync":0,"prefabUID":0,"Components":[{"Type":0,"Enabled":1,"Position":[0.0,0.0,0.0],"Rotation":[0.0,0.0,0.0,1.0],"Euler":[-0.0,0.0,-0.0],"Scale":[1.0,1.0,1.0],"Global":[0.0068388283252716068,0.524574339389801,-0.8513373136520386,-25.92432403564453,0.8603318333625794,0.4308500587940216,0.2723909914493561,43.82179260253906,0.509688138961792,-0.7342957258224487,-0.4483615756034851,14.748174667358399,0.0,0.0,0.0,1.0]}]},{"UID":2137696322,"ParentUID":442932726,"Name":"joint22_$AssimpFbx$_Translation","Tag":"Default","Static":0,"ActiveInHierarchy":1,"ActiveSelf":1,"isBoneRoot":0,"baseState":[1.0,0.0,0.0,0.0,0.0,1.0,0.0,0.0,0.0,0.0,1.0,0.0,0.0,0.0,0.0,1.0],"Navigable":0,"No Walkable":0,"openInHierarchy":1,"isPrefab":0,"isPrefabSync":0,"prefabUID":0,"Components":[{"Type":0,"Enabled":1,"Position":[-32.44455337524414,0.0000014931154055375374,1.5987211554602255e-14],"Rotation":[0.0,0.0,0.0,1.0],"Euler":[-0.0,0.0,-0.0],"Scale":[1.0,1.0,1.0],"Global":[0.0068388283252716068,0.524574339389801,-0.8513373136520386,-26.14620590209961,0.8603318333625794,0.4308500587940216,0.2723909914493561,15.908710479736329,0.509688138961792,-0.7342957258224487,-0.4483615756034851,-1.788431167602539,0.0,0.0,0.0,1.0]}]},{"UID":1673021646,"ParentUID":2137696322,"Name":"joint22_$AssimpFbx$_PreRotation","Tag":"Default","Static":0,"ActiveInHierarchy":1,"ActiveSelf":1,"isBoneRoot":0,"baseState":[1.0,0.0,0.0,0.0,0.0,1.0,0.0,0.0,0.0,0.0,1.0,0.0,0.0,0.0,0.0,1.0],"Navigable":0,"No Walkable":0,"openInHierarchy":1,"isPrefab":0,"isPrefabSync":0,"prefabUID":0,"Components":[{"Type":0,"Enabled":1,"Position":[0.0,0.0,0.0],"Rotation":[0.0,0.0,0.32744652032852175,0.9448696970939636],"Euler":[-0.0,0.0,38.22772216796875],"Scale":[1.0,1.0,1.0],"Global":[0.32997289299964907,0.40785154700279238,-0.8513373136520386,-26.14620590209961,0.9424452781677246,-0.1939060091972351,0.2723909914493561,15.908710479736329,-0.05398446321487427,-0.8922207951545715,-0.4483615756034851,-1.788431167602539,0.0,0.0,0.0,1.0]}]},{"UID":3647779613,"ParentUID":1673021646,"Name":"joint22_$AssimpFbx$_Rotation","Tag":"Default","Static":0,"ActiveInHierarchy":1,"ActiveSelf":1,"isBoneRoot":0,"baseState":[1.0,0.0,0.0,0.0,0.0,1.0,0.0,0.0,0.0,0.0,1.0,0.0,0.0,0.0,0.0,1.0],"Navigable":0,"No Walkable":0,"openInHierarchy":1,"isPrefab":0,"isPrefabSync":0,"prefabUID":0,"Components":[{"Type":0,"Enabled":1,"Position":[0.0,0.0,0.0],"Rotation":[0.0,0.0,0.0,1.0],"Euler":[-0.0,0.0,-0.0],"Scale":[1.0,1.0,1.0],"Global":[0.32997289299964907,0.40785154700279238,-0.8513373136520386,-26.14620590209961,0.9424452781677246,-0.1939060091972351,0.2723909914493561,15.908710479736329,-0.05398446321487427,-0.8922207951545715,-0.4483615756034851,-1.788431167602539,0.0,0.0,0.0,1.0]}]},{"UID":1127675190,"ParentUID":3647779613,"Name":"joint22","Tag":"Default","Static":0,"ActiveInHierarchy":1,"ActiveSelf":1,"isBoneRoot":0,"baseState":[1.0,0.0,0.0,0.0,0.0,1.0,0.0,0.0,0.0,0.0,1.0,0.0,0.0,0.0,0.0,1.0],"Navigable":0,"No Walkable":0,"openInHierarchy":1,"isPrefab":0,"isPrefabSync":0,"prefabUID":0,"Components":[{"Type":0,"Enabled":1,"Position":[0.0,0.0,0.0],"Rotation":[0.0,0.0,0.0,1.0],"Euler":[-0.0,0.0,-0.0],"Scale":[1.0,1.0,1.0],"Global":[0.32997289299964907,0.40785154700279238,-0.8513373136520386,-26.14620590209961,0.9424452781677246,-0.1939060091972351,0.2723909914493561,15.908710479736329,-0.05398446321487427,-0.8922207951545715,-0.4483615756034851,-1.788431167602539,0.0,0.0,0.0,1.0]}]},{"UID":1248129345,"ParentUID":1127675190,"Name":"joint23_$AssimpFbx$_Translation","Tag":"Default","Static":0,"ActiveInHierarchy":1,"ActiveSelf":1,"isBoneRoot":0,"baseState":[1.0,0.0,0.0,0.0,0.0,1.0,0.0,0.0,0.0,0.0,1.0,0.0,0.0,0.0,0.0,1.0],"Navigable":0,"No Walkable":0,"openInHierarchy":1,"isPrefab":0,"isPrefabSync":0,"prefabUID":0,"Components":[{"Type":0,"Enabled":1,"Position":[-12.826661109924317,-0.000005812381914438447,4.293454480830405e-12],"Rotation":[0.0,0.0,0.0,1.0],"Euler":[-0.0,0.0,-0.0],"Scale":[1.0,1.0,1.0],"Global":[0.32997289299964907,0.40785154700279238,-0.8513373136520386,-30.378658294677736,0.9424452781677246,-0.1939060091972351,0.2723909914493561,3.820284843444824,-0.05398446321487427,-0.8922207951545715,-0.4483615756034851,-1.0959856510162354,0.0,0.0,0.0,1.0]}]},{"UID":2094405994,"ParentUID":1248129345,"Name":"joint23_$AssimpFbx$_PreRotation","Tag":"Default","Static":0,"ActiveInHierarchy":1,"ActiveSelf":1,"isBoneRoot":0,"baseState":[1.0,0.0,0.0,0.0,0.0,1.0,0.0,0.0,0.0,0.0,1.0,0.0,0.0,0.0,0.0,1.0],"Navigable":0,"No Walkable":0,"openInHierarchy":1,"isPrefab":0,"isPrefabSync":0,"prefabUID":0,"Components":[{"Type":0,"Enabled":1,"Position":[0.0,0.0,0.0],"Rotation":[0.0033302337396889927,-0.006471274886280298,0.45756950974464419,0.8891441226005554],"Euler":[0.6786645650863648,-0.4847375452518463,54.4651985168457],"Scale":[0.9999999403953552,0.9999999403953552,1.0],"Global":[0.5112282037734985,-0.03145116567611694,-0.8588694334030151,-30.378658294677736,0.3939206302165985,-0.8796048164367676,0.2666855752468109,3.820284843444824,-0.7638536691665649,-0.47466373443603518,-0.4372897148132324,-1.0959856510162354,0.0,0.0,0.0,1.0]}]},{"UID":814018228,"ParentUID":2094405994,"Name":"joint23_$AssimpFbx$_Rotation","Tag":"Default","Static":0,"ActiveInHierarchy":1,"ActiveSelf":1,"isBoneRoot":0,"baseState":[1.0,0.0,0.0,0.0,0.0,1.0,0.0,0.0,0.0,0.0,1.0,0.0,0.0,0.0,0.0,1.0],"Navigable":0,"No Walkable":0,"openInHierarchy":1,"isPrefab":0,"isPrefabSync":0,"prefabUID":0,"Components":[{"Type":0,"Enabled":1,"Position":[0.0,0.0,0.0],"Rotation":[-0.10901592671871185,-0.11210614442825318,0.21780934929847718,0.9633830189704895],"Euler":[-9.620314598083496,-15.277347564697266,24.186189651489259],"Scale":[1.0,0.9999999403953552,0.9999999403953552],"Global":[0.29117351770401,-0.007422298192977905,-0.956641435623169,-30.378658294677736,0.0009416379034519196,-0.9999667406082153,0.008045211434364319,3.820284843444824,-0.9566699862480164,-0.003243282437324524,-0.29115694761276247,-1.0959856510162354,0.0,0.0,0.0,1.0]}]},{"UID":237687300,"ParentUID":814018228,"Name":"joint23","Tag":"Default","Static":0,"ActiveInHierarchy":1,"ActiveSelf":1,"isBoneRoot":0,"baseState":[1.0,0.0,0.0,0.0,0.0,1.0,0.0,0.0,0.0,0.0,1.0,0.0,0.0,0.0,0.0,1.0],"Navigable":0,"No Walkable":0,"openInHierarchy":1,"isPrefab":0,"isPrefabSync":0,"prefabUID":0,"Components":[{"Type":0,"Enabled":1,"Position":[0.0,0.0,0.0],"Rotation":[0.0,0.0,0.0,1.0],"Euler":[-0.0,0.0,-0.0],"Scale":[1.0,1.0,1.0],"Global":[0.29117351770401,-0.007422298192977905,-0.956641435623169,-30.378658294677736,0.0009416379034519196,-0.9999667406082153,0.008045211434364319,3.820284843444824,-0.9566699862480164,-0.003243282437324524,-0.29115694761276247,-1.0959856510162354,0.0,0.0,0.0,1.0]}]},{"UID":660340848,"ParentUID":1490437796,"Name":"joint6_$AssimpFbx$_Translation","Tag":"Default","Static":0,"ActiveInHierarchy":1,"ActiveSelf":1,"isBoneRoot":0,"baseState":[1.0,0.0,0.0,0.0,0.0,1.0,0.0,0.0,0.0,0.0,1.0,0.0,0.0,0.0,0.0,1.0],"Navigable":0,"No Walkable":0,"openInHierarchy":1,"isPrefab":0,"isPrefabSync":0,"prefabUID":0,"Components":[{"Type":0,"Enabled":1,"Position":[-8.14541244506836,-4.317010879516602,16.304353713989259],"Rotation":[0.0,0.0,0.0,1.0],"Euler":[-0.0,0.0,-0.0],"Scale":[1.0,1.0,1.0],"Global":[-1.1920928955078126e-7,0.0,1.0000001192092896,16.304357528686525,0.8320503830909729,0.5547001361846924,0.0,65.08525085449219,-0.5547002553939819,0.8320503830909729,-1.1920928955078126e-7,-0.0000017285346984863282,0.0,0.0,0.0,1.0]}]},{"UID":2881360399,"ParentUID":660340848,"Name":"joint6_$AssimpFbx$_PreRotation","Tag":"Default","Static":0,"ActiveInHierarchy":1,"ActiveSelf":1,"isBoneRoot":0,"baseState":[1.0,0.0,0.0,0.0,0.0,1.0,0.0,0.0,0.0,0.0,1.0,0.0,0.0,0.0,0.0,1.0],"Navigable":0,"No Walkable":0,"openInHierarchy":1,"isPrefab":0,"isPrefabSync":0,"prefabUID":0,"Components":[{"Type":0,"Enabled":1,"Position":[0.0,0.0,0.0],"Rotation":[-0.2897765338420868,0.9570669531822205,0.0020997498650103809,0.006935002747923136],"Euler":[-179.5393829345703,0.6908667683601379,146.30715942382813],"Scale":[0.9999999403953552,1.0,0.9999999403953552],"Global":[-0.014491342939436436,6.61254233591535e-8,-0.9998952746391296,16.304357528686525,-0.9998951554298401,-1.1920928955078126e-7,0.014491439796984196,65.08525085449219,1.5073912607022067e-7,1.0000001192092896,1.1826546852944375e-7,-0.0000017285346984863282,0.0,0.0,0.0,1.0]}]},{"UID":527252428,"ParentUID":2881360399,"Name":"joint6_$AssimpFbx$_Rotation","Tag":"Default","Static":0,"ActiveInHierarchy":1,"ActiveSelf":1,"isBoneRoot":0,"baseState":[1.0,0.0,0.0,0.0,0.0,1.0,0.0,0.0,0.0,0.0,1.0,0.0,0.0,0.0,0.0,1.0],"Navigable":0,"No Walkable":0,"openInHierarchy":1,"isPrefab":0,"isPrefabSync":0,"prefabUID":0,"Components":[{"Type":0,"Enabled":1,"Position":[0.0,0.0,0.0],"Rotation":[-0.23040446639060975,0.03870794549584389,0.36622363328933718,0.9007195830345154],"Euler":[-26.46182632446289,-5.683265209197998,42.91507339477539],"Scale":[1.0,1.0,1.0],"Global":[0.22790342569351197,0.3964864909648895,-0.8893025517463684,16.304357528686525,-0.7321435809135437,0.6718915104866028,0.11192809790372849,65.08525085449219,0.6418927907943726,0.6255879402160645,0.44341129064559939,-0.0000017285346984863282,0.0,0.0,0.0,1.0]}]},{"UID":98647329,"ParentUID":527252428,"Name":"joint6","Tag":"Default","Static":0,"ActiveInHierarchy":1,"ActiveSelf":1,"isBoneRoot":0,"baseState":[1.0,0.0,0.0,0.0,0.0,1.0,0.0,0.0,0.0,0.0,1.0,0.0,0.0,0.0,0.0,1.0],"Navigable":0,"No Walkable":0,"openInHierarchy":1,"isPrefab":0,"isPrefabSync":0,"prefabUID":0,"Components":[{"Type":0,"Enabled":1,"Position":[0.0,0.0,0.0],"Rotation":[0.0,0.0,0.0,1.0],"Euler":[-0.0,0.0,-0.0],"Scale":[1.0,1.0,1.0],"Global":[0.22790342569351197,0.3964864909648895,-0.8893025517463684,16.304357528686525,-0.7321435809135437,0.6718915104866028,0.11192809790372849,65.08525085449219,0.6418927907943726,0.6255879402160645,0.44341129064559939,-0.0000017285346984863282,0.0,0.0,0.0,1.0]}]},{"UID":2956171891,"ParentUID":98647329,"Name":"joint7_$AssimpFbx$_Translation","Tag":"Default","Static":0,"ActiveInHierarchy":1,"ActiveSelf":1,"isBoneRoot":0,"baseState":[1.0,0.0,0.0,0.0,0.0,1.0,0.0,0.0,0.0,0.0,1.0,0.0,0.0,0.0,0.0,1.0],"Navigable":0,"No Walkable":0,"openInHierarchy":1,"isPrefab":0,"isPrefabSync":0,"prefabUID":0,"Components":[{"Type":0,"Enabled":1,"Position":[27.607688903808595,-2.1768907680695498e-15,-3.552713678800501e-15],"Rotation":[0.0,0.0,0.0,1.0],"Euler":[-0.0,0.0,-0.0],"Scale":[1.0,1.0,1.0],"Global":[0.22790342569351197,0.3964864909648895,-0.8893025517463684,22.59624481201172,-0.7321435809135437,0.6718915104866028,0.11192809790372849,44.872459411621097,0.6418927907943726,0.6255879402160645,0.44341129064559939,17.721174240112306,0.0,0.0,0.0,1.0]}]},{"UID":441517423,"ParentUID":2956171891,"Name":"joint7_$AssimpFbx$_PreRotation","Tag":"Default","Static":0,"ActiveInHierarchy":1,"ActiveSelf":1,"isBoneRoot":0,"baseState":[1.0,0.0,0.0,0.0,0.0,1.0,0.0,0.0,0.0,0.0,1.0,0.0,0.0,0.0,0.0,1.0],"Navigable":0,"No Walkable":0,"openInHierarchy":1,"isPrefab":0,"isPrefabSync":0,"prefabUID":0,"Components":[{"Type":0,"Enabled":1,"Position":[0.0,0.0,0.0],"Rotation":[-0.0001700803986750543,0.007243810221552849,-0.02347232773900032,0.999698281288147],"Euler":[-0.0,0.8303155303001404,-2.6900484561920168],"Scale":[0.9999999403953552,0.9999999403953552,0.9999999403953552],"Global":[0.22189296782016755,0.40734946727752688,-0.8859065175056458,22.59624481201172,-0.7644139528274536,0.636716902256012,0.10130666941404343,44.872459411621097,0.6053388714790344,0.6547197103500366,0.4526665210723877,17.721174240112306,0.0,0.0,0.0,1.0]}]},{"UID":1738411602,"ParentUID":441517423,"Name":"joint7_$AssimpFbx$_Rotation","Tag":"Default","Static":0,"ActiveInHierarchy":1,"ActiveSelf":1,"isBoneRoot":0,"baseState":[1.0,0.0,0.0,0.0,0.0,1.0,0.0,0.0,0.0,0.0,1.0,0.0,0.0,0.0,0.0,1.0],"Navigable":0,"No Walkable":0,"openInHierarchy":1,"isPrefab":0,"isPrefabSync":0,"prefabUID":0,"Components":[{"Type":0,"Enabled":1,"Position":[0.0,0.0,0.0],"Rotation":[0.08974624425172806,0.14487893879413606,-0.5189022421836853,0.8376730680465698],"Euler":[17.706058502197267,8.60278034210205,-64.8952407836914],"Scale":[1.0,0.9999999403953552,1.0],"Global":[0.04709368944168091,0.380092978477478,-0.9237488508224487,22.59624481201172,-0.8916639089584351,-0.40083861351013186,-0.2103901207447052,44.872459411621097,-0.45024168491363528,0.8335813283920288,0.32003825902938845,17.721174240112306,0.0,0.0,0.0,1.0]}]},{"UID":602379993,"ParentUID":1738411602,"Name":"joint7","Tag":"Default","Static":0,"ActiveInHierarchy":1,"ActiveSelf":1,"isBoneRoot":0,"baseState":[1.0,0.0,0.0,0.0,0.0,1.0,0.0,0.0,0.0,0.0,1.0,0.0,0.0,0.0,0.0,1.0],"Navigable":0,"No Walkable":0,"openInHierarchy":1,"isPrefab":0,"isPrefabSync":0,"prefabUID":0,"Components":[{"Type":0,"Enabled":1,"Position":[0.0,0.0,0.0],"Rotation":[0.0,0.0,0.0,1.0],"Euler":[-0.0,0.0,-0.0],"Scale":[1.0,1.0,1.0],"Global":[0.04709368944168091,0.380092978477478,-0.9237488508224487,22.59624481201172,-0.8916639089584351,-0.40083861351013186,-0.2103901207447052,44.872459411621097,-0.45024168491363528,0.8335813283920288,0.32003825902938845,17.721174240112306,0.0,0.0,0.0,1.0]}]},{"UID":1751229215,"ParentUID":602379993,"Name":"joint8_$AssimpFbx$_Translation","Tag":"Default","Static":0,"ActiveInHierarchy":1,"ActiveSelf":1,"isBoneRoot":0,"baseState":[1.0,0.0,0.0,0.0,0.0,1.0,0.0,0.0,0.0,0.0,1.0,0.0,0.0,0.0,0.0,1.0],"Navigable":0,"No Walkable":0,"openInHierarchy":1,"isPrefab":0,"isPrefabSync":0,"prefabUID":0,"Components":[{"Type":0,"Enabled":1,"Position":[32.444580078125,-8.881784197001252e-14,-2.6645352591003758e-14],"Rotation":[0.0,0.0,0.0,1.0],"Euler":[-0.0,0.0,-0.0],"Scale":[1.0,1.0,1.0],"Global":[0.04709368944168091,0.380092978477478,-0.9237488508224487,24.12417984008789,-0.8916639089584351,-0.40083861351013186,-0.2103901207447052,15.942798614501954,-0.45024168491363528,0.8335813283920288,0.32003825902938845,3.113271713256836,0.0,0.0,0.0,1.0]}]},{"UID":1336564385,"ParentUID":1751229215,"Name":"joint8_$AssimpFbx$_PreRotation","Tag":"Default","Static":0,"ActiveInHierarchy":1,"ActiveSelf":1,"isBoneRoot":0,"baseState":[1.0,0.0,0.0,0.0,0.0,1.0,0.0,0.0,0.0,0.0,1.0,0.0,0.0,0.0,0.0,1.0],"Navigable":0,"No Walkable":0,"openInHierarchy":1,"isPrefab":0,"isPrefabSync":0,"prefabUID":0,"Components":[{"Type":0,"Enabled":1,"Position":[0.0,0.0,0.0],"Rotation":[0.0,0.0,0.32744652032852175,0.9448696970939636],"Euler":[-0.0,0.0,38.22772216796875],"Scale":[1.0,1.0,1.0],"Global":[0.27219200134277346,0.2694438695907593,-0.9237488508224487,24.12417984008789,-0.9484876990318298,0.23686963319778443,-0.2103901207447052,15.942798614501954,0.16211983561515809,0.933430552482605,0.32003825902938845,3.113271713256836,0.0,0.0,0.0,1.0]}]},{"UID":2650636129,"ParentUID":1336564385,"Name":"joint8_$AssimpFbx$_Rotation","Tag":"Default","Static":0,"ActiveInHierarchy":1,"ActiveSelf":1,"isBoneRoot":0,"baseState":[1.0,0.0,0.0,0.0,0.0,1.0,0.0,0.0,0.0,0.0,1.0,0.0,0.0,0.0,0.0,1.0],"Navigable":0,"No Walkable":0,"openInHierarchy":1,"isPrefab":0,"isPrefabSync":0,"prefabUID":0,"Components":[{"Type":0,"Enabled":1,"Position":[0.0,0.0,0.0],"Rotation":[0.0,0.0,0.0,1.0],"Euler":[-0.0,0.0,-0.0],"Scale":[1.0,1.0,1.0],"Global":[0.27219200134277346,0.2694438695907593,-0.9237488508224487,24.12417984008789,-0.9484876990318298,0.23686963319778443,-0.2103901207447052,15.942798614501954,0.16211983561515809,0.933430552482605,0.32003825902938845,3.113271713256836,0.0,0.0,0.0,1.0]}]},{"UID":3561746178,"ParentUID":2650636129,"Name":"joint8","Tag":"Default","Static":0,"ActiveInHierarchy":1,"ActiveSelf":1,"isBoneRoot":0,"baseState":[1.0,0.0,0.0,0.0,0.0,1.0,0.0,0.0,0.0,0.0,1.0,0.0,0.0,0.0,0.0,1.0],"Navigable":0,"No Walkable":0,"openInHierarchy":1,"isPrefab":0,"isPrefabSync":0,"prefabUID":0,"Components":[{"Type":0,"Enabled":1,"Position":[0.0,0.0,0.0],"Rotation":[0.0,0.0,0.0,1.0],"Euler":[-0.0,0.0,-0.0],"Scale":[1.0,1.0,1.0],"Global":[0.27219200134277346,0.2694438695907593,-0.9237488508224487,24.12417984008789,-0.9484876990318298,0.23686963319778443,-0.2103901207447052,15.942798614501954,0.16211983561515809,0.933430552482605,0.32003825902938845,3.113271713256836,0.0,0.0,0.0,1.0]}]},{"UID":3211560923,"ParentUID":3561746178,"Name":"joint9_$AssimpFbx$_Translation","Tag":"Default","Static":0,"ActiveInHierarchy":1,"ActiveSelf":1,"isBoneRoot":0,"baseState":[1.0,0.0,0.0,0.0,0.0,1.0,0.0,0.0,0.0,0.0,1.0,0.0,0.0,0.0,0.0,1.0],"Navigable":0,"No Walkable":0,"openInHierarchy":1,"isPrefab":0,"isPrefabSync":0,"prefabUID":0,"Components":[{"Type":0,"Enabled":1,"Position":[12.82667064666748,7.105427357601002e-15,2.5135449277513544e-12],"Rotation":[0.0,0.0,0.0,1.0],"Euler":[-0.0,0.0,-0.0],"Scale":[1.0,1.0,1.0],"Global":[0.27219200134277346,0.2694438695907593,-0.9237488508224487,27.615497589111329,-0.9484876990318298,0.23686963319778443,-0.2103901207447052,3.7768592834472658,0.16211983561515809,0.933430552482605,0.32003825902938845,5.192729473114014,0.0,0.0,0.0,1.0]}]},{"UID":2685818534,"ParentUID":3211560923,"Name":"joint9_$AssimpFbx$_PreRotation","Tag":"Default","Static":0,"ActiveInHierarchy":1,"ActiveSelf":1,"isBoneRoot":0,"baseState":[1.0,0.0,0.0,0.0,0.0,1.0,0.0,0.0,0.0,0.0,1.0,0.0,0.0,0.0,0.0,1.0],"Navigable":0,"No Walkable":0,"openInHierarchy":1,"isPrefab":0,"isPrefabSync":0,"prefabUID":0,"Components":[{"Type":0,"Enabled":1,"Position":[0.0,0.0,0.0],"Rotation":[0.0033302337396889927,-0.006471274886280298,0.45756950974464419,0.8891441226005554],"Euler":[0.6786645650863648,-0.4847375452518463,54.4651985168457],"Scale":[0.9999999403953552,0.9999999403953552,1.0],"Global":[0.3639783263206482,-0.06488071382045746,-0.929145097732544,27.615497589111329,-0.36157268285751345,0.9094939231872559,-0.20514902472496034,3.7768592834472658,0.8583617806434631,0.4106230139732361,0.3075770437717438,5.192729473114014,0.0,0.0,0.0,1.0]}]},{"UID":1027138670,"ParentUID":2685818534,"Name":"joint9_$AssimpFbx$_Rotation","Tag":"Default","Static":0,"ActiveInHierarchy":1,"ActiveSelf":1,"isBoneRoot":0,"baseState":[1.0,0.0,0.0,0.0,0.0,1.0,0.0,0.0,0.0,0.0,1.0,0.0,0.0,0.0,0.0,1.0],"Navigable":0,"No Walkable":0,"openInHierarchy":1,"isPrefab":0,"isPrefabSync":0,"prefabUID":0,"Components":[{"Type":0,"Enabled":1,"Position":[0.0,0.0,0.0],"Rotation":[-0.09664949029684067,-0.023726506158709527,0.18724168837070466,0.9772596955299377],"Euler":[-10.406743049621582,-4.73616361618042,21.261146545410158],"Scale":[1.0,0.9999999403953552,1.0],"Global":[0.3045459985733032,-0.00687997043132782,-0.952472984790802,27.615497589111329,-0.0008845217525959015,0.9999713897705078,-0.007505849003791809,3.7768592834472658,0.9524971842765808,0.0031282231211662294,0.3045312762260437,5.192729473114014,0.0,0.0,0.0,1.0]}]},{"UID":2681711736,"ParentUID":1027138670,"Name":"joint9","Tag":"Default","Static":0,"ActiveInHierarchy":1,"ActiveSelf":1,"isBoneRoot":0,"baseState":[1.0,0.0,0.0,0.0,0.0,1.0,0.0,0.0,0.0,0.0,1.0,0.0,0.0,0.0,0.0,1.0],"Navigable":0,"No Walkable":0,"openInHierarchy":1,"isPrefab":0,"isPrefabSync":0,"prefabUID":0,"Components":[{"Type":0,"Enabled":1,"Position":[0.0,0.0,0.0],"Rotation":[0.0,0.0,0.0,1.0],"Euler":[-0.0,0.0,-0.0],"Scale":[1.0,1.0,1.0],"Global":[0.3045459985733032,-0.00687997043132782,-0.952472984790802,27.615497589111329,-0.0008845217525959015,0.9999713897705078,-0.007505849003791809,3.7768592834472658,0.9524971842765808,0.0031282231211662294,0.3045312762260437,5.192729473114014,0.0,0.0,0.0,1.0]}]},{"UID":1244477947,"ParentUID":1490437796,"Name":"joint2_$AssimpFbx$_Translation","Tag":"Default","Static":0,"ActiveInHierarchy":1,"ActiveSelf":1,"isBoneRoot":0,"baseState":[1.0,0.0,0.0,0.0,0.0,1.0,0.0,0.0,0.0,0.0,1.0,0.0,0.0,0.0,0.0,1.0],"Navigable":0,"No Walkable":0,"openInHierarchy":1,"isPrefab":0,"isPrefabSync":0,"prefabUID":0,"Components":[{"Type":0,"Enabled":1,"Position":[7.526581764221191,2.4697973799447939e-7,7.357029829790918e-8],"Rotation":[0.0,0.0,0.0,1.0],"Euler":[-0.0,0.0,-0.0],"Scale":[1.0,1.0,1.0],"Global":[-1.1920928955078126e-7,0.0,1.0000001192092896,-8.236681878770469e-7,0.8320503830909729,0.5547001361846924,0.0,80.51979064941406,-0.5547002553939819,0.8320503830909729,-1.1920928955078126e-7,-5.101288795471191,0.0,0.0,0.0,1.0]}]},{"UID":3760695430,"ParentUID":1244477947,"Name":"joint2_$AssimpFbx$_PreRotation","Tag":"Default","Static":0,"ActiveInHierarchy":1,"ActiveSelf":1,"isBoneRoot":0,"baseState":[1.0,0.0,0.0,0.0,0.0,1.0,0.0,0.0,0.0,0.0,1.0,0.0,0.0,0.0,0.0,1.0],"Navigable":0,"No Walkable":0,"openInHierarchy":1,"isPrefab":0,"isPrefabSync":0,"prefabUID":0,"Components":[{"Type":0,"Enabled":1,"Position":[0.0,0.0,0.0],"Rotation":[0.0,0.0,0.196366548538208,0.9805305600166321],"Euler":[-0.0,0.0,22.649127960205079],"Scale":[0.9999999403953552,0.9999999403953552,1.0],"Global":[-1.1001590394243976e-7,4.590592084241507e-8,1.0000001192092896,-8.236681878770469e-7,0.9814905524253845,0.19151023030281068,0.0,80.51979064941406,-0.19151034951210023,0.9814906120300293,-1.1920928955078126e-7,-5.101288795471191,0.0,0.0,0.0,1.0]}]},{"UID":4175725882,"ParentUID":3760695430,"Name":"joint2_$AssimpFbx$_Rotation","Tag":"Default","Static":0,"ActiveInHierarchy":1,"ActiveSelf":1,"isBoneRoot":0,"baseState":[1.0,0.0,0.0,0.0,0.0,1.0,0.0,0.0,0.0,0.0,1.0,0.0,0.0,0.0,0.0,1.0],"Navigable":0,"No Walkable":0,"openInHierarchy":1,"isPrefab":0,"isPrefabSync":0,"prefabUID":0,"Components":[{"Type":0,"Enabled":1,"Position":[0.0,0.0,0.0],"Rotation":[0.023977410048246385,-0.005570581648498774,0.047859933227300647,0.9985507130622864],"Euler":[2.7753710746765138,-0.5059226751327515,5.500360012054443],"Scale":[1.0,1.0,1.0],"Global":[0.013420027680695057,0.04735216870903969,0.9987882375717163,-8.236681878770469e-7,0.9951869249343872,0.09633850306272507,-0.017939111217856408,80.51979064941406,-0.09707131236791611,0.9942216873168945,-0.04583144187927246,-5.101288795471191,0.0,0.0,0.0,1.0]}]},{"UID":4226757204,"ParentUID":4175725882,"Name":"joint2","Tag":"Default","Static":0,"ActiveInHierarchy":1,"ActiveSelf":1,"isBoneRoot":0,"baseState":[1.0,0.0,0.0,0.0,0.0,1.0,0.0,0.0,0.0,0.0,1.0,0.0,0.0,0.0,0.0,1.0],"Navigable":0,"No Walkable":0,"openInHierarchy":1,"isPrefab":0,"isPrefabSync":0,"prefabUID":0,"Components":[{"Type":0,"Enabled":1,"Position":[0.0,0.0,0.0],"Rotation":[0.0,0.0,0.0,1.0],"Euler":[-0.0,0.0,-0.0],"Scale":[1.0,1.0,1.0],"Global":[0.013420027680695057,0.04735216870903969,0.9987882375717163,-8.236681878770469e-7,0.9951869249343872,0.09633850306272507,-0.017939111217856408,80.51979064941406,-0.09707131236791611,0.9942216873168945,-0.04583144187927246,-5.101288795471191,0.0,0.0,0.0,1.0]}]},{"UID":2911207608,"ParentUID":4226757204,"Name":"joint3_$AssimpFbx$_Translation","Tag":"Default","Static":0,"ActiveInHierarchy":1,"ActiveSelf":1,"isBoneRoot":0,"baseState":[1.0,0.0,0.0,0.0,0.0,1.0,0.0,0.0,0.0,0.0,1.0,0.0,0.0,0.0,0.0,1.0],"Navigable":0,"No Walkable":0,"openInHierarchy":1,"isPrefab":0,"isPrefabSync":0,"prefabUID":0,"Components":[{"Type":0,"Enabled":1,"Position":[12.457353591918946,2.3109271296561929e-7,-7.478939778593485e-8],"Rotation":[0.0,0.0,0.0,1.0],"Euler":[-0.0,0.0,-0.0],"Scale":[1.0,1.0,1.0],"Global":[0.013420027680695057,0.04735216870903969,0.9987882375717163,0.16717715561389924,0.9951869249343872,0.09633850306272507,-0.017939111217856408,92.91718292236328,-0.09707131236791611,0.9942216873168945,-0.04583144187927246,-6.310540199279785,0.0,0.0,0.0,1.0]}]},{"UID":4028053391,"ParentUID":2911207608,"Name":"joint3_$AssimpFbx$_PreRotation","Tag":"Default","Static":0,"ActiveInHierarchy":1,"ActiveSelf":1,"isBoneRoot":0,"baseState":[1.0,0.0,0.0,0.0,0.0,1.0,0.0,0.0,0.0,0.0,1.0,0.0,0.0,0.0,0.0,1.0],"Navigable":0,"No Walkable":0,"openInHierarchy":1,"isPrefab":0,"isPrefabSync":0,"prefabUID":0,"Components":[{"Type":0,"Enabled":1,"Position":[0.0,0.0,0.0],"Rotation":[0.0,0.0,0.12849631905555726,0.9917100667953491],"Euler":[-0.0,0.0,14.76541805267334],"Scale":[1.0,1.0,1.0],"Global":[0.025045141577720643,0.042368222028017047,0.9987882375717163,0.16717715561389924,0.986876368522644,-0.1604783684015274,-0.017939111217856408,92.91718292236328,0.15952374041080476,0.9861297011375427,-0.04583144187927246,-6.310540199279785,0.0,0.0,0.0,1.0]}]},{"UID":2626279550,"ParentUID":4028053391,"Name":"joint3_$AssimpFbx$_Rotation","Tag":"Default","Static":0,"ActiveInHierarchy":1,"ActiveSelf":1,"isBoneRoot":0,"baseState":[1.0,0.0,0.0,0.0,0.0,1.0,0.0,0.0,0.0,0.0,1.0,0.0,0.0,0.0,0.0,1.0],"Navigable":0,"No Walkable":0,"openInHierarchy":1,"isPrefab":0,"isPrefabSync":0,"prefabUID":0,"Components":[{"Type":0,"Enabled":1,"Position":[0.0,0.0,0.0],"Rotation":[0.0314633846282959,0.010816344060003758,0.04119715839624405,0.9985969066619873],"Euler":[3.5526325702667238,1.3863917589187623,4.681801795959473],"Scale":[0.9999999403953552,1.0,0.9999999403953552],"Global":[0.009482210502028466,0.1037493497133255,0.9945583343505859,0.16717715561389924,0.970323383808136,-0.24128636717796327,0.015919018536806108,92.91718292236328,0.2416248470544815,0.9648923277854919,-0.10295838117599487,-6.310540199279785,0.0,0.0,0.0,1.0]}]},{"UID":1643437486,"ParentUID":2626279550,"Name":"joint3","Tag":"Default","Static":0,"ActiveInHierarchy":1,"ActiveSelf":1,"isBoneRoot":0,"baseState":[1.0,0.0,0.0,0.0,0.0,1.0,0.0,0.0,0.0,0.0,1.0,0.0,0.0,0.0,0.0,1.0],"Navigable":0,"No Walkable":0,"openInHierarchy":1,"isPrefab":0,"isPrefabSync":0,"prefabUID":0,"Components":[{"Type":0,"Enabled":1,"Position":[0.0,0.0,0.0],"Rotation":[0.0,0.0,0.0,1.0],"Euler":[-0.0,0.0,-0.0],"Scale":[1.0,1.0,1.0],"Global":[0.009482210502028466,0.1037493497133255,0.9945583343505859,0.16717715561389924,0.970323383808136,-0.24128636717796327,0.015919018536806108,92.91718292236328,0.2416248470544815,0.9648923277854919,-0.10295838117599487,-6.310540199279785,0.0,0.0,0.0,1.0]}]},{"UID":877933904,"ParentUID":1643437486,"Name":"joint4_$AssimpFbx$_Translation","Tag":"Default","Static":0,"ActiveInHierarchy":1,"ActiveSelf":1,"isBoneRoot":0,"baseState":[1.0,0.0,0.0,0.0,0.0,1.0,0.0,0.0,0.0,0.0,1.0,0.0,0.0,0.0,0.0,1.0],"Navigable":0,"No Walkable":0,"openInHierarchy":1,"isPrefab":0,"isPrefabSync":0,"prefabUID":0,"Components":[{"Type":0,"Enabled":1,"Position":[18.363332748413087,-5.605224941973574e-7,2.8973175858482139e-7],"Rotation":[0.0,0.0,0.0,1.0],"Euler":[-0.0,0.0,-0.0],"Scale":[1.0,1.0,1.0],"Global":[0.009482210502028466,0.1037493497133255,0.9945583343505859,0.34130236506462099,0.970323383808136,-0.24128636717796327,0.015919018536806108,110.73554992675781,0.2416248470544815,0.9648923277854919,-0.10295838117599487,-1.8735032081604005,0.0,0.0,0.0,1.0]}]},{"UID":3326656765,"ParentUID":877933904,"Name":"joint4_$AssimpFbx$_PreRotation","Tag":"Default","Static":0,"ActiveInHierarchy":1,"ActiveSelf":1,"isBoneRoot":0,"baseState":[1.0,0.0,0.0,0.0,0.0,1.0,0.0,0.0,0.0,0.0,1.0,0.0,0.0,0.0,0.0,1.0],"Navigable":0,"No Walkable":0,"openInHierarchy":1,"isPrefab":0,"isPrefabSync":0,"prefabUID":0,"Components":[{"Type":0,"Enabled":1,"Position":[0.0,0.0,0.0],"Rotation":[0.0,0.0,0.033064503222703937,0.9994532465934753],"Euler":[-0.0,0.0,3.7896034717559816],"Scale":[0.9999999403953552,0.9999999403953552,1.0],"Global":[0.016318565234541894,0.10289578884840012,0.9945583343505859,0.34130236506462099,0.9522544145584106,-0.3048902153968811,0.015919018536806108,110.73554992675781,0.30486899614334109,0.9468128085136414,-0.10295838117599487,-1.8735032081604005,0.0,0.0,0.0,1.0]}]},{"UID":728171309,"ParentUID":3326656765,"Name":"joint4_$AssimpFbx$_Rotation","Tag":"Default","Static":0,"ActiveInHierarchy":1,"ActiveSelf":1,"isBoneRoot":0,"baseState":[1.0,0.0,0.0,0.0,0.0,1.0,0.0,0.0,0.0,0.0,1.0,0.0,0.0,0.0,0.0,1.0],"Navigable":0,"No Walkable":0,"openInHierarchy":1,"isPrefab":0,"isPrefabSync":0,"prefabUID":0,"Components":[{"Type":0,"Enabled":1,"Position":[0.0,0.0,0.0],"Rotation":[-0.0027376702055335047,0.04971195384860039,0.09556858241558075,0.994176983833313],"Euler":[-0.8605018258094788,5.642533779144287,11.024158477783204],"Scale":[0.9999999403953552,0.9999999403953552,0.9999999403953552],"Global":[-0.06336299329996109,0.10194557160139084,0.9927700161933899,0.34130236506462099,0.8707178831100464,-0.4804621934890747,0.10491069406270981,110.73554992675781,0.4876835346221924,0.8710700869560242,-0.05832235515117645,-1.8735032081604005,0.0,0.0,0.0,1.0]}]},{"UID":3000747272,"ParentUID":728171309,"Name":"joint4","Tag":"Default","Static":0,"ActiveInHierarchy":1,"ActiveSelf":1,"isBoneRoot":0,"baseState":[1.0,0.0,0.0,0.0,0.0,1.0,0.0,0.0,0.0,0.0,1.0,0.0,0.0,0.0,0.0,1.0],"Navigable":0,"No Walkable":0,"openInHierarchy":1,"isPrefab":0,"isPrefabSync":0,"prefabUID":0,"Components":[{"Type":0,"Enabled":1,"Position":[0.0,0.0,0.0],"Rotation":[0.0,0.0,0.0,1.0],"Euler":[-0.0,0.0,-0.0],"Scale":[1.0,1.0,1.0],"Global":[-0.06336299329996109,0.10194557160139084,0.9927700161933899,0.34130236506462099,0.8707178831100464,-0.4804621934890747,0.10491069406270981,110.73554992675781,0.4876835346221924,0.8710700869560242,-0.05832235515117645,-1.8735032081604005,0.0,0.0,0.0,1.0]}]},{"UID":674355417,"ParentUID":3000747272,"Name":"joint15_$AssimpFbx$_Translation","Tag":"Default","Static":0,"ActiveInHierarchy":1,"ActiveSelf":1,"isBoneRoot":0,"baseState":[1.0,0.0,0.0,0.0,0.0,1.0,0.0,0.0,0.0,0.0,1.0,0.0,0.0,0.0,0.0,1.0],"Navigable":0,"No Walkable":0,"openInHierarchy":1,"isPrefab":0,"isPrefabSync":0,"prefabUID":0,"Components":[{"Type":0,"Enabled":1,"Position":[4.811346530914307,5.714033126831055,-17.904600143432618],"Rotation":[0.0,0.0,0.0,1.0],"Euler":[-0.0,0.0,-0.0],"Scale":[1.0,1.0,1.0],"Global":[-0.06336299329996109,0.10194557160139084,0.9927700161933899,-17.15618896484375,0.8707178831100464,-0.4804621934890747,0.10491069406270981,110.30111694335938,0.4876835346221924,0.8710700869560242,-0.05832235515117645,6.494472980499268,0.0,0.0,0.0,1.0]}]},{"UID":3448852155,"ParentUID":674355417,"Name":"joint15_$AssimpFbx$_PreRotation","Tag":"Defau