{
    "navigationScene": {
        "navDataSize": 0
    },
    "GameObjects": [
        {
            "UID": 182164953,
            "ParentUID": 0,
            "Name": "Scene",
            "Tag": "Default",
            "Static": 0,
            "ActiveInHierarchy": 1,
            "ActiveSelf": 1,
            "isBoneRoot": 1,
            "baseState": [
                1.0,
                0.0,
                0.0,
                0.0,
                0.0,
                1.0,
                0.0,
                0.0,
                0.0,
                0.0,
                1.0,
                0.0,
                0.0,
                0.0,
                0.0,
                1.0
            ],
            "Navigable": 0,
            "No Walkable": 0,
            "openInHierarchy": 1,
            "isPrefab": 0,
            "isPrefabSync": 0,
            "prefabUID": 0,
            "Components": [
                {
                    "Type": 0,
                    "Enabled": 1,
                    "Position": [
                        0.0,
                        0.0,
                        0.0
                    ],
                    "Rotation": [
                        0.0,
                        0.0,
                        0.0,
                        1.0
                    ],
                    "Euler": [
                        -0.0,
                        0.0,
                        -0.0
                    ],
                    "Scale": [
                        1.0,
                        1.0,
                        1.0
                    ],
                    "Global": [
                        1.0,
                        0.0,
                        0.0,
                        0.0,
                        0.0,
                        1.0,
                        0.0,
                        0.0,
                        0.0,
                        0.0,
                        1.0,
                        0.0,
                        0.0,
                        0.0,
                        0.0,
                        1.0
                    ]
                },
                {
                    "Type": 4,
                    "Enabled": 1,
                    "stateMachineUID": 0
                }
            ]
        },
        {
            "UID": 1857270795,
            "ParentUID": 182164953,
            "Name": "Maya_Boss_23:Maya_Boss_13:joint1_$AssimpFbx$_Translation",
            "Tag": "Default",
            "Static": 0,
            "ActiveInHierarchy": 1,
            "ActiveSelf": 1,
            "isBoneRoot": 0,
            "baseState": [
                1.0,
                0.0,
                0.0,
                0.0,
                0.0,
                1.0,
                0.0,
                0.0,
                0.0,
                0.0,
                1.0,
                0.0,
                0.0,
                0.0,
                0.0,
                1.0
            ],
            "Navigable": 0,
            "No Walkable": 0,
            "openInHierarchy": 1,
            "isPrefab": 0,
            "isPrefabSync": 0,
            "prefabUID": 0,
            "Components": [
                {
                    "Type": 0,
                    "Enabled": 1,
                    "Position": [
                        0.0,
                        228.46563720703126,
                        10.346287727355957
                    ],
                    "Rotation": [
                        0.0,
                        0.0,
                        0.0,
                        1.0
                    ],
                    "Euler": [
                        -0.0,
                        0.0,
                        -0.0
                    ],
                    "Scale": [
                        1.0,
                        1.0,
                        1.0
                    ],
                    "Global": [
                        1.0,
                        0.0,
                        0.0,
                        0.0,
                        0.0,
                        1.0,
                        0.0,
                        228.46563720703126,
                        0.0,
                        0.0,
                        1.0,
                        10.346287727355957,
                        0.0,
                        0.0,
                        0.0,
                        1.0
                    ]
                }
            ]
        },
        {
            "UID": 1942769567,
            "ParentUID": 1857270795,
            "Name": "Maya_Boss_23:Maya_Boss_13:joint1_$AssimpFbx$_PreRotation",
            "Tag": "Default",
            "Static": 0,
            "ActiveInHierarchy": 1,
            "ActiveSelf": 1,
            "isBoneRoot": 0,
            "baseState": [
                1.0,
                0.0,
                0.0,
                0.0,
                0.0,
                1.0,
                0.0,
                0.0,
                0.0,
                0.0,
                1.0,
                0.0,
                0.0,
                0.0,
                0.0,
                1.0
            ],
            "Navigable": 0,
            "No Walkable": 0,
            "openInHierarchy": 1,
            "isPrefab": 0,
            "isPrefabSync": 0,
            "prefabUID": 0,
            "Components": [
                {
                    "Type": 0,
                    "Enabled": 1,
                    "Position": [
                        0.0,
                        0.0,
                        0.0
                    ],
                    "Rotation": [
                        -0.4301455318927765,
                        -0.5462002158164978,
                        0.44470736384391787,
                        0.5646907091140747
                    ],
                    "Euler": [
                        0.00025654060300439596,
                        -88.09298706054688,
                        76.4429702758789
                    ],
                    "Scale": [
                        1.0,
                        1.0,
                        0.9999999403953552
                    ],
                    "Global": [
                        0.007801559753715992,
                        -0.03235310688614845,
                        -0.9994460344314575,
                        0.0,
                        0.9721353054046631,
                        0.23442049324512483,
                        -6.05359673500061e-8,
                        228.46563720703126,
                        0.23429064452648164,
                        -0.9715967774391174,
                        0.03328044340014458,
                        10.346287727355957,
                        0.0,
                        0.0,
                        0.0,
                        1.0
                    ]
                }
            ]
        },
        {
            "UID": 4112097013,
            "ParentUID": 1942769567,
            "Name": "Maya_Boss_23:Maya_Boss_13:joint1_$AssimpFbx$_Rotation",
            "Tag": "Default",
            "Static": 0,
            "ActiveInHierarchy": 1,
            "ActiveSelf": 1,
            "isBoneRoot": 0,
            "baseState": [
                1.0,
                0.0,
                0.0,
                0.0,
                0.0,
                1.0,
                0.0,
                0.0,
                0.0,
                0.0,
                1.0,
                0.0,
                0.0,
                0.0,
                0.0,
                1.0
            ],
            "Navigable": 0,
            "No Walkable": 0,
            "openInHierarchy": 1,
            "isPrefab": 0,
            "isPrefabSync": 0,
            "prefabUID": 0,
            "Components": [
                {
                    "Type": 0,
                    "Enabled": 1,
                    "Position": [
                        0.0,
                        0.0,
                        0.0
                    ],
                    "Rotation": [
                        0.0006224644021131098,
                        -0.0025813423562794925,
                        -0.07974224537611008,
                        0.9968119859695435
                    ],
                    "Euler": [
                        0.047514669597148898,
                        -0.3005463480949402,
                        -9.147407531738282
                    ],
                    "Scale": [
                        1.0,
                        1.0,
                        0.9999999403953552
                    ],
                    "Global": [
                        0.007801555097103119,
                        -0.03235311806201935,
                        -0.9994459748268127,
                        0.0,
                        0.9224911332130432,
                        0.38598212599754336,
                        -0.00529379490762949,
                        228.46563720703126,
                        0.3859395980834961,
                        -0.9219387173652649,
                        0.03285672515630722,
                        10.346287727355957,
                        0.0,
                        0.0,
                        0.0,
                        1.0
                    ]
                }
            ]
        },
        {
            "UID": 269162931,
            "ParentUID": 4112097013,
            "Name": "Maya_Boss_23:Maya_Boss_13:joint1",
            "Tag": "Default",
            "Static": 0,
            "ActiveInHierarchy": 1,
            "ActiveSelf": 1,
            "isBoneRoot": 0,
            "baseState": [
                1.0,
                0.0,
                0.0,
                0.0,
                0.0,
                1.0,
                0.0,
                0.0,
                0.0,
                0.0,
                1.0,
                0.0,
                0.0,
                0.0,
                0.0,
                1.0
            ],
            "Navigable": 0,
            "No Walkable": 0,
            "openInHierarchy": 1,
            "isPrefab": 0,
            "isPrefabSync": 0,
            "prefabUID": 0,
            "Components": [
                {
                    "Type": 0,
                    "Enabled": 1,
                    "Position": [
                        0.0,
                        0.0,
                        0.0
                    ],
                    "Rotation": [
                        0.0,
                        0.0,
                        0.0,
                        1.0
                    ],
                    "Euler": [
                        -0.0,
                        0.0,
                        -0.0
                    ],
                    "Scale": [
                        1.0,
                        1.0,
                        1.0
                    ],
                    "Global": [
                        0.007801555097103119,
                        -0.03235311806201935,
                        -0.9994459748268127,
                        0.0,
                        0.9224911332130432,
                        0.38598212599754336,
                        -0.00529379490762949,
                        228.46563720703126,
                        0.3859395980834961,
                        -0.9219387173652649,
                        0.03285672515630722,
                        10.346287727355957,
                        0.0,
                        0.0,
                        0.0,
                        1.0
                    ]
                }
            ]
        },
        {
            "UID": 1334614292,
            "ParentUID": 269162931,
            "Name": "Maya_Boss_23:Maya_Boss_13:joint31_$AssimpFbx$_Translation",
            "Tag": "Default",
            "Static": 0,
            "ActiveInHierarchy": 1,
            "ActiveSelf": 1,
            "isBoneRoot": 0,
            "baseState": [
                1.0,
                0.0,
                0.0,
                0.0,
                0.0,
                1.0,
                0.0,
                0.0,
                0.0,
                0.0,
                1.0,
                0.0,
                0.0,
                0.0,
                0.0,
                1.0
            ],
            "Navigable": 0,
            "No Walkable": 0,
            "openInHierarchy": 1,
            "isPrefab": 0,
            "isPrefabSync": 0,
            "prefabUID": 0,
            "Components": [
                {
                    "Type": 0,
                    "Enabled": 1,
                    "Position": [
                        -1.9681620597839356,
                        20.484506607055665,
                        -0.6784688830375671
                    ],
                    "Rotation": [
                        0.0,
                        0.0,
                        0.0,
                        1.0
                    ],
                    "Euler": [
                        -0.0,
                        0.0,
                        -0.0
                    ],
                    "Scale": [
                        1.0,
                        1.0,
                        1.0
                    ],
                    "Global": [
                        0.007801555097103119,
                        -0.03235311806201935,
                        -0.9994459748268127,
                        5.960464477539063e-7,
                        0.9224911332130432,
                        0.38598212599754336,
                        -0.00529379490762949,
                        234.56027221679688,
                        0.3859395980834961,
                        -0.9219387173652649,
                        0.03285672515630722,
                        -9.321057319641114,
                        0.0,
                        0.0,
                        0.0,
                        1.0
                    ]
                }
            ]
        },
        {
            "UID": 4014815521,
            "ParentUID": 1334614292,
            "Name": "Maya_Boss_23:Maya_Boss_13:joint31_$AssimpFbx$_PreRotation",
            "Tag": "Default",
            "Static": 0,
            "ActiveInHierarchy": 1,
            "ActiveSelf": 1,
            "isBoneRoot": 0,
            "baseState": [
                1.0,
                0.0,
                0.0,
                0.0,
                0.0,
                1.0,
                0.0,
                0.0,
                0.0,
                0.0,
                1.0,
                0.0,
                0.0,
                0.0,
                0.0,
                1.0
            ],
            "Navigable": 0,
            "No Walkable": 0,
            "openInHierarchy": 1,
            "isPrefab": 0,
            "isPrefabSync": 0,
            "prefabUID": 0,
            "Components": [
                {
                    "Type": 0,
                    "Enabled": 1,
                    "Position": [
                        0.0,
                        0.0,
                        0.0
                    ],
                    "Rotation": [
                        -0.03220577538013458,
                        0.9993427991867065,
                        -0.016296081244945527,
                        0.0033782378304749729
                    ],
                    "Euler": [
                        178.1459197998047,
                        0.44700849056243899,
                        176.3155517578125
                    ],
                    "Scale": [
                        1.0,
                        1.0,
                        0.9999999403953552
                    ],
                    "Global": [
                        1.3131648302078248e-7,
                        2.9802322387695315e-8,
                        0.9999998807907105,
                        5.960464477539063e-7,
                        -0.945414125919342,
                        0.3258715271949768,
                        1.1781230568885803e-7,
                        234.56027221679688,
                        -0.32587161660194399,
                        -0.9454139471054077,
                        6.705522537231445e-8,
                        -9.321057319641114,
                        0.0,
                        0.0,
                        0.0,
                        1.0
                    ]
                }
            ]
        },
        {
            "UID": 1182049315,
            "ParentUID": 4014815521,
            "Name": "Maya_Boss_23:Maya_Boss_13:joint31_$AssimpFbx$_Rotation",
            "Tag": "Default",
            "Static": 0,
            "ActiveInHierarchy": 1,
            "ActiveSelf": 1,
            "isBoneRoot": 0,
            "baseState": [
                1.0,
                0.0,
                0.0,
                0.0,
                0.0,
                1.0,
                0.0,
                0.0,
                0.0,
                0.0,
                1.0,
                0.0,
                0.0,
                0.0,
                0.0,
                1.0
            ],
            "Navigable": 0,
            "No Walkable": 0,
            "openInHierarchy": 1,
            "isPrefab": 0,
            "isPrefabSync": 0,
            "prefabUID": 0,
            "Components": [
                {
                    "Type": 0,
                    "Enabled": 1,
                    "Position": [
                        0.0,
                        0.0,
                        0.0
                    ],
                    "Rotation": [
                        -0.17568020522594453,
                        -0.06455574929714203,
                        0.10689373314380646,
                        0.9764951467514038
                    ],
                    "Euler": [
                        -19.49957275390625,
                        -9.417946815490723,
                        10.872406959533692
                    ],
                    "Scale": [
                        1.0,
                        1.0,
                        1.0
                    ],
                    "Global": [
                        0.0885186642408371,
                        -0.35690292716026308,
                        0.9299379587173462,
                        5.960464477539063e-7,
                        -0.8405078053474426,
                        0.47423216700553896,
                        0.2620126008987427,
                        234.56027221679688,
                        -0.534519612789154,
                        -0.804813027381897,
                        -0.25800126791000368,
                        -9.321057319641114,
                        0.0,
                        0.0,
                        0.0,
                        1.0
                    ]
                }
            ]
        },
        {
            "UID": 3032187602,
            "ParentUID": 1182049315,
            "Name": "Maya_Boss_23:Maya_Boss_13:joint31",
            "Tag": "Default",
            "Static": 0,
            "ActiveInHierarchy": 1,
            "ActiveSelf": 1,
            "isBoneRoot": 0,
            "baseState": [
                1.0,
                0.0,
                0.0,
                0.0,
                0.0,
                1.0,
                0.0,
                0.0,
                0.0,
                0.0,
                1.0,
                0.0,
                0.0,
                0.0,
                0.0,
                1.0
            ],
            "Navigable": 0,
            "No Walkable": 0,
            "openInHierarchy": 1,
            "isPrefab": 0,
            "isPrefabSync": 0,
            "prefabUID": 0,
            "Components": [
                {
                    "Type": 0,
                    "Enabled": 1,
                    "Position": [
                        0.0,
                        0.0,
                        0.0
                    ],
                    "Rotation": [
                        0.0,
                        0.0,
                        0.0,
                        1.0
                    ],
                    "Euler": [
                        -0.0,
                        0.0,
                        -0.0
                    ],
                    "Scale": [
                        1.0,
                        1.0,
                        1.0
                    ],
                    "Global": [
                        0.0885186642408371,
                        -0.35690292716026308,
                        0.9299379587173462,
                        5.960464477539063e-7,
                        -0.8405078053474426,
                        0.47423216700553896,
                        0.2620126008987427,
                        234.56027221679688,
                        -0.534519612789154,
                        -0.804813027381897,
                        -0.25800126791000368,
                        -9.321057319641114,
                        0.0,
                        0.0,
                        0.0,
                        1.0
                    ]
                }
            ]
        },
        {
            "UID": 2246932408,
            "ParentUID": 3032187602,
            "Name": "Maya_Boss_23:Maya_Boss_13:joint32_$AssimpFbx$_Translation",
            "Tag": "Default",
            "Static": 0,
            "ActiveInHierarchy": 1,
            "ActiveSelf": 1,
            "isBoneRoot": 0,
            "baseState": [
                1.0,
                0.0,
                0.0,
                0.0,
                0.0,
                1.0,
                0.0,
                0.0,
                0.0,
                0.0,
                1.0,
                0.0,
                0.0,
                0.0,
                0.0,
                1.0
            ],
            "Navigable": 0,
            "No Walkable": 0,
            "openInHierarchy": 1,
            "isPrefab": 0,
            "isPrefabSync": 0,
            "prefabUID": 0,
            "Components": [
                {
                    "Type": 0,
                    "Enabled": 1,
                    "Position": [
                        36.77083206176758,
                        0.0,
                        -8.386809482844888e-15
                    ],
                    "Rotation": [
                        0.0,
                        0.0,
                        0.0,
                        1.0
                    ],
                    "Euler": [
                        -0.0,
                        0.0,
                        -0.0
                    ],
                    "Scale": [
                        1.0,
                        1.0,
                        1.0
                    ],
                    "Global": [
                        0.0885186642408371,
                        -0.35690292716026308,
                        0.9299379587173462,
                        3.2549057006835939,
                        -0.8405078053474426,
                        0.47423216700553896,
                        0.2620126008987427,
                        203.6540985107422,
                        -0.534519612789154,
                        -0.804813027381897,
                        -0.25800126791000368,
                        -28.975788116455079,
                        0.0,
                        0.0,
                        0.0,
                        1.0
                    ]
                }
            ]
        },
        {
            "UID": 1859093318,
            "ParentUID": 2246932408,
            "Name": "Maya_Boss_23:Maya_Boss_13:joint32_$AssimpFbx$_PreRotation",
            "Tag": "Default",
            "Static": 0,
            "ActiveInHierarchy": 1,
            "ActiveSelf": 1,
            "isBoneRoot": 0,
            "baseState": [
                1.0,
                0.0,
                0.0,
                0.0,
                0.0,
                1.0,
                0.0,
                0.0,
                0.0,
                0.0,
                1.0,
                0.0,
                0.0,
                0.0,
                0.0,
                1.0
            ],
            "Navigable": 0,
            "No Walkable": 0,
            "openInHierarchy": 1,
            "isPrefab": 0,
            "isPrefabSync": 0,
            "prefabUID": 0,
            "Components": [
                {
                    "Type": 0,
                    "Enabled": 1,
                    "Position": [
                        0.0,
                        0.0,
                        0.0
                    ],
                    "Rotation": [
                        0.0,
                        0.0,
                        -0.05831306055188179,
                        0.9982983469963074
                    ],
                    "Euler": [
                        0.0,
                        0.0,
                        -6.685976982116699
                    ],
                    "Scale": [
                        1.0,
                        1.0,
                        1.0
                    ],
                    "Global": [
                        0.12947003543376923,
                        -0.34416964650154116,
                        0.9299379587173462,
                        3.2549057006835939,
                        -0.8900054097175598,
                        0.3731486201286316,
                        0.2620126008987427,
                        203.6540985107422,
                        -0.4371819496154785,
                        -0.8615725040435791,
                        -0.25800126791000368,
                        -28.975788116455079,
                        0.0,
                        0.0,
                        0.0,
                        1.0
                    ]
                }
            ]
        },
        {
            "UID": 2825832890,
            "ParentUID": 1859093318,
            "Name": "Maya_Boss_23:Maya_Boss_13:joint32_$AssimpFbx$_Rotation",
            "Tag": "Default",
            "Static": 0,
            "ActiveInHierarchy": 1,
            "ActiveSelf": 1,
            "isBoneRoot": 0,
            "baseState": [
                1.0,
                0.0,
                0.0,
                0.0,
                0.0,
                1.0,
                0.0,
                0.0,
                0.0,
                0.0,
                1.0,
                0.0,
                0.0,
                0.0,
                0.0,
                1.0
            ],
            "Navigable": 0,
            "No Walkable": 0,
            "openInHierarchy": 1,
            "isPrefab": 0,
            "isPrefabSync": 0,
            "prefabUID": 0,
            "Components": [
                {
                    "Type": 0,
                    "Enabled": 1,
                    "Position": [
                        0.0,
                        0.0,
                        0.0
                    ],
                    "Rotation": [
                        -0.17568020522594453,
                        -0.06455574929714203,
                        0.10689373314380646,
                        0.9764951467514038
                    ],
                    "Euler": [
                        -19.49957275390625,
                        -9.417946815490723,
                        10.872406959533692
                    ],
                    "Scale": [
                        1.0,
                        1.0,
                        1.0
                    ],
                    "Global": [
                        0.1280926764011383,
                        -0.6710493564605713,
                        0.7302636504173279,
                        3.2549057006835939,
                        -0.7526921033859253,
                        0.4136870503425598,
                        0.5121695399284363,
                        203.6540985107422,
                        -0.6457917094230652,
                        -0.6152687668800354,
                        -0.4521031975746155,
                        -28.975788116455079,
                        0.0,
                        0.0,
                        0.0,
                        1.0
                    ]
                }
            ]
        },
        {
            "UID": 838511369,
            "ParentUID": 2825832890,
            "Name": "Maya_Boss_23:Maya_Boss_13:joint32",
            "Tag": "Default",
            "Static": 0,
            "ActiveInHierarchy": 1,
            "ActiveSelf": 1,
            "isBoneRoot": 0,
            "baseState": [
                1.0,
                0.0,
                0.0,
                0.0,
                0.0,
                1.0,
                0.0,
                0.0,
                0.0,
                0.0,
                1.0,
                0.0,
                0.0,
                0.0,
                0.0,
                1.0
            ],
            "Navigable": 0,
            "No Walkable": 0,
            "openInHierarchy": 1,
            "isPrefab": 0,
            "isPrefabSync": 0,
            "prefabUID": 0,
            "Components": [
                {
                    "Type": 0,
                    "Enabled": 1,
                    "Position": [
                        0.0,
                        0.0,
                        0.0
                    ],
                    "Rotation": [
                        0.0,
                        0.0,
                        0.0,
                        1.0
                    ],
                    "Euler": [
                        -0.0,
                        0.0,
                        -0.0
                    ],
                    "Scale": [
                        1.0,
                        1.0,
                        1.0
                    ],
                    "Global": [
                        0.1280926764011383,
                        -0.6710493564605713,
                        0.7302636504173279,
                        3.2549057006835939,
                        -0.7526921033859253,
                        0.4136870503425598,
                        0.5121695399284363,
                        203.6540985107422,
                        -0.6457917094230652,
                        -0.6152687668800354,
                        -0.4521031975746155,
                        -28.975788116455079,
                        0.0,
                        0.0,
                        0.0,
                        1.0
                    ]
                }
            ]
        },
        {
            "UID": 3331378623,
            "ParentUID": 838511369,
            "Name": "Maya_Boss_23:Maya_Boss_13:joint33_$AssimpFbx$_Translation",
            "Tag": "Default",
            "Static": 0,
            "ActiveInHierarchy": 1,
            "ActiveSelf": 1,
            "isBoneRoot": 0,
            "baseState": [
                1.0,
                0.0,
                0.0,
                0.0,
                0.0,
                1.0,
                0.0,
                0.0,
                0.0,
                0.0,
                1.0,
                0.0,
                0.0,
                0.0,
                0.0,
                1.0
            ],
            "Navigable": 0,
            "No Walkable": 0,
            "openInHierarchy": 1,
            "isPrefab": 0,
            "isPrefabSync": 0,
            "prefabUID": 0,
            "Components": [
                {
                    "Type": 0,
                    "Enabled": 1,
                    "Position": [
                        34.07439422607422,
                        0.0,
                        -8.395475476928247e-15
                    ],
                    "Rotation": [
                        0.0,
                        0.0,
                        0.0,
                        1.0
                    ],
                    "Euler": [
                        -0.0,
                        0.0,
                        -0.0
                    ],
                    "Scale": [
                        1.0,
                        1.0,
                        1.0
                    ],
                    "Global": [
                        0.1280926764011383,
                        -0.6710493564605713,
                        0.7302636504173279,
                        7.619585990905762,
                        -0.7526921033859253,
                        0.4136870503425598,
                        0.5121695399284363,
                        178.00657653808595,
                        -0.6457917094230652,
                        -0.6152687668800354,
                        -0.4521031975746155,
                        -50.980751037597659,
                        0.0,
                        0.0,
                        0.0,
                        1.0
                    ]
                }
            ]
        },
        {
            "UID": 3982505152,
            "ParentUID": 3331378623,
            "Name": "Maya_Boss_23:Maya_Boss_13:joint33_$AssimpFbx$_PreRotation",
            "Tag": "Default",
            "Static": 0,
            "ActiveInHierarchy": 1,
            "ActiveSelf": 1,
            "isBoneRoot": 0,
            "baseState": [
                1.0,
                0.0,
                0.0,
                0.0,
                0.0,
                1.0,
                0.0,
                0.0,
                0.0,
                0.0,
                1.0,
                0.0,
                0.0,
                0.0,
                0.0,
                1.0
            ],
            "Navigable": 0,
            "No Walkable": 0,
            "openInHierarchy": 1,
            "isPrefab": 0,
            "isPrefabSync": 0,
            "prefabUID": 0,
            "Components": [
                {
                    "Type": 0,
                    "Enabled": 1,
                    "Position": [
                        0.0,
                        0.0,
                        0.0
                    ],
                    "Rotation": [
                        -0.22422556579113007,
                        0.9745158553123474,
                        0.006212968844920397,
                        0.001797654782421887
                    ],
                    "Euler": [
                        -179.2599639892578,
                        0.04110820218920708,
                        154.08450317382813
                    ],
                    "Scale": [
                        0.9999999403953552,
                        0.9999999403953552,
                        0.9999999403953552
                    ],
                    "Global": [
                        0.17344394326210023,
                        -0.6512487530708313,
                        -0.7387775182723999,
                        7.619585990905762,
                        0.492997944355011,
                        0.7068066000938416,
                        -0.5073238015174866,
                        178.00657653808595,
                        0.8525667786598206,
                        -0.2762235403060913,
                        0.4436555504798889,
                        -50.980751037597659,
                        0.0,
                        0.0,
                        0.0,
                        1.0
                    ]
                }
            ]
        },
        {
            "UID": 3282986044,
            "ParentUID": 3982505152,
            "Name": "Maya_Boss_23:Maya_Boss_13:joint33_$AssimpFbx$_Rotation",
            "Tag": "Default",
            "Static": 0,
            "ActiveInHierarchy": 1,
            "ActiveSelf": 1,
            "isBoneRoot": 0,
            "baseState": [
                1.0,
                0.0,
                0.0,
                0.0,
                0.0,
                1.0,
                0.0,
                0.0,
                0.0,
                0.0,
                1.0,
                0.0,
                0.0,
                0.0,
                0.0,
                1.0
            ],
            "Navigable": 0,
            "No Walkable": 0,
            "openInHierarchy": 1,
            "isPrefab": 0,
            "isPrefabSync": 0,
            "prefabUID": 0,
            "Components": [
                {
                    "Type": 0,
                    "Enabled": 1,
                    "Position": [
                        0.0,
                        0.0,
                        0.0
                    ],
                    "Rotation": [
                        -0.17568020522594453,
                        -0.06455574929714203,
                        0.10689373314380646,
                        0.9764951467514038
                    ],
                    "Euler": [
                        -19.49957275390625,
                        -9.417946815490723,
                        10.872406959533692
                    ],
                    "Scale": [
                        1.0,
                        1.0,
                        1.0
                    ],
                    "Global": [
                        -0.04808893799781799,
                        -0.3647690415382385,
                        -0.9298553466796875,
                        7.619585990905762,
                        0.5963017344474793,
                        0.7363534569740295,
                        -0.31969964504241946,
                        178.00657653808595,
                        0.8013186454772949,
                        -0.5698482990264893,
                        0.18210187554359437,
                        -50.980751037597659,
                        0.0,
                        0.0,
                        0.0,
                        1.0
                    ]
                }
            ]
        },
        {
            "UID": 2115439998,
            "ParentUID": 3282986044,
            "Name": "Maya_Boss_23:Maya_Boss_13:joint33",
            "Tag": "Default",
            "Static": 0,
            "ActiveInHierarchy": 1,
            "ActiveSelf": 1,
            "isBoneRoot": 0,
            "baseState": [
                1.0,
                0.0,
                0.0,
                0.0,
                0.0,
                1.0,
                0.0,
                0.0,
                0.0,
                0.0,
                1.0,
                0.0,
                0.0,
                0.0,
                0.0,
                1.0
            ],
            "Navigable": 0,
            "No Walkable": 0,
            "openInHierarchy": 1,
            "isPrefab": 0,
            "isPrefabSync": 0,
            "prefabUID": 0,
            "Components": [
                {
                    "Type": 0,
                    "Enabled": 1,
                    "Position": [
                        0.0,
                        0.0,
                        0.0
                    ],
                    "Rotation": [
                        0.0,
                        0.0,
                        0.0,
                        1.0
                    ],
                    "Euler": [
                        -0.0,
                        0.0,
                        -0.0
                    ],
                    "Scale": [
                        1.0,
                        1.0,
                        1.0
                    ],
                    "Global": [
                        -0.04808893799781799,
                        -0.3647690415382385,
                        -0.9298553466796875,
                        7.619585990905762,
                        0.5963017344474793,
                        0.7363534569740295,
                        -0.31969964504241946,
                        178.00657653808595,
                        0.8013186454772949,
                        -0.5698482990264893,
                        0.18210187554359437,
                        -50.980751037597659,
                        0.0,
