{
    "navigationScene": {
        "navDataSize": 0
    },
    "GameObjects": [
        {
            "UID": 850889879,
            "ParentUID": 0,
            "Name": "Scene",
            "Tag": "Default",
            "Static": 0,
            "ActiveInHierarchy": 1,
            "ActiveSelf": 1,
            "isBoneRoot": 1,
            "baseState": [
                1.0,
                0.0,
                0.0,
                0.0,
                0.0,
                1.0,
                0.0,
                0.0,
                0.0,
                0.0,
                1.0,
                0.0,
                0.0,
                0.0,
                0.0,
                1.0
            ],
            "Navigable": 0,
            "No Walkable": 0,
            "openInHierarchy": 1,
            "isPrefab": 0,
            "isPrefabSync": 0,
            "prefabUID": 0,
            "Components": [
                {
                    "Type": 0,
                    "Enabled": 1,
                    "Position": [
                        0.0,
                        0.0,
                        0.0
                    ],
                    "Rotation": [
                        0.0,
                        0.0,
                        0.0,
                        1.0
                    ],
                    "Euler": [
                        -0.0,
                        0.0,
                        -0.0
                    ],
                    "Scale": [
                        1.0,
                        1.0,
                        1.0
                    ],
                    "Global": [
                        1.0,
                        0.0,
                        0.0,
                        0.0,
                        0.0,
                        1.0,
                        0.0,
                        0.0,
                        0.0,
                        0.0,
                        1.0,
                        0.0,
                        0.0,
                        0.0,
                        0.0,
                        1.0
                    ]
                },
                {
                    "Type": 4,
                    "Enabled": 1,
                    "stateMachineUID": 0
                }
            ]
        },
        {
            "UID": 1943340862,
            "ParentUID": 850889879,
            "Name": "joint11_$AssimpFbx$_Translation",
            "Tag": "Default",
            "Static": 0,
            "ActiveInHierarchy": 1,
            "ActiveSelf": 1,
            "isBoneRoot": 0,
            "baseState": [
                1.0,
                0.0,
                0.0,
                0.0,
                0.0,
                1.0,
                0.0,
                0.0,
                0.0,
                0.0,
                1.0,
                0.0,
                0.0,
                0.0,
                0.0,
                1.0
            ],
            "Navigable": 0,
            "No Walkable": 0,
            "openInHierarchy": 1,
            "isPrefab": 0,
            "isPrefabSync": 0,
            "prefabUID": 0,
            "Components": [
                {
                    "Type": 0,
                    "Enabled": 1,
                    "Position": [
                        -0.18860585987567902,
                        81.70150756835938,
                        -25.383878707885743
                    ],
                    "Rotation": [
                        0.0,
                        0.0,
                        0.0,
                        1.0
                    ],
                    "Euler": [
                        -0.0,
                        0.0,
                        -0.0
                    ],
                    "Scale": [
                        1.0,
                        1.0,
                        1.0
                    ],
                    "Global": [
                        1.0,
                        0.0,
                        0.0,
                        -0.18860585987567902,
                        0.0,
                        1.0,
                        0.0,
                        81.70150756835938,
                        0.0,
                        0.0,
                        1.0,
                        -25.383878707885743,
                        0.0,
                        0.0,
                        0.0,
                        1.0
                    ]
                }
            ]
        },
        {
            "UID": 3469714439,
            "ParentUID": 1943340862,
            "Name": "joint11_$AssimpFbx$_PreRotation",
            "Tag": "Default",
            "Static": 0,
            "ActiveInHierarchy": 1,
            "ActiveSelf": 1,
            "isBoneRoot": 0,
            "baseState": [
                1.0,
                0.0,
                0.0,
                0.0,
                0.0,
                1.0,
                0.0,
                0.0,
                0.0,
                0.0,
                1.0,
                0.0,
                0.0,
                0.0,
                0.0,
                1.0
            ],
            "Navigable": 0,
            "No Walkable": 0,
            "openInHierarchy": 1,
            "isPrefab": 0,
            "isPrefabSync": 0,
            "prefabUID": 0,
            "Components": [
                {
                    "Type": 0,
                    "Enabled": 1,
                    "Position": [
                        0.0,
                        0.0,
                        0.0
                    ],
                    "Rotation": [
                        0.40916064381599429,
                        0.5767040848731995,
                        0.40916064381599429,
                        0.5767040848731995
                    ],
                    "Euler": [
                        70.7099609375,
                        90.0,
                        0.0
                    ],
                    "Scale": [
                        0.9999999403953552,
                        0.9999999403953552,
                        1.0
                    ],
                    "Global": [
                        -4.125735841853384e-8,
                        2.9271312484979718e-8,
                        1.0,
                        -0.18860585987567902,
                        0.9438583254814148,
                        0.33035042881965639,
                        2.9271312484979718e-8,
                        81.70150756835938,
                        -0.33035042881965639,
                        0.9438583254814148,
                        -4.125735841853384e-8,
                        -25.383878707885743,
                        0.0,
                        0.0,
                        0.0,
                        1.0
                    ]
                }
            ]
        },
        {
            "UID": 1650457683,
            "ParentUID": 3469714439,
            "Name": "joint11_$AssimpFbx$_Rotation",
            "Tag": "Default",
            "Static": 0,
            "ActiveInHierarchy": 1,
            "ActiveSelf": 1,
            "isBoneRoot": 0,
            "baseState": [
                1.0,
                0.0,
                0.0,
                0.0,
                0.0,
                1.0,
                0.0,
                0.0,
                0.0,
                0.0,
                1.0,
                0.0,
                0.0,
                0.0,
                0.0,
                1.0
            ],
            "Navigable": 0,
            "No Walkable": 0,
            "openInHierarchy": 1,
            "isPrefab": 0,
            "isPrefabSync": 0,
            "prefabUID": 0,
            "Components": [
                {
                    "Type": 0,
                    "Enabled": 1,
                    "Position": [
                        0.0,
                        0.0,
                        0.0
                    ],
                    "Rotation": [
                        -0.07894064486026764,
                        0.22554472088813783,
                        0.0,
                        0.9710293412208557
                    ],
                    "Euler": [
                        -9.819083213806153,
                        25.977685928344728,
                        2.270162343978882
                    ],
                    "Scale": [
                        0.9999999403953552,
                        1.0,
                        0.9999999403953552
                    ],
                    "Global": [
                        -0.43802106380462649,
                        -0.15330731868743897,
                        0.8857958912849426,
                        -0.18860585987567902,
                        0.8360658884048462,
                        0.2926230728626251,
                        0.464074969291687,
                        81.70150756835938,
                        -0.3303503692150116,
                        0.9438583850860596,
                        -3.6545600323734109e-8,
                        -25.383878707885743,
                        0.0,
                        0.0,
                        0.0,
                        1.0
                    ]
                }
            ]
        },
        {
            "UID": 2610497583,
            "ParentUID": 1650457683,
            "Name": "joint11",
            "Tag": "Default",
            "Static": 0,
            "ActiveInHierarchy": 1,
            "ActiveSelf": 1,
            "isBoneRoot": 0,
            "baseState": [
                1.0,
                0.0,
                0.0,
                0.0,
                0.0,
                1.0,
                0.0,
                0.0,
                0.0,
                0.0,
                1.0,
                0.0,
                0.0,
                0.0,
                0.0,
                1.0
            ],
            "Navigable": 0,
            "No Walkable": 0,
            "openInHierarchy": 1,
            "isPrefab": 0,
            "isPrefabSync": 0,
            "prefabUID": 0,
            "Components": [
                {
                    "Type": 0,
                    "Enabled": 1,
                    "Position": [
                        0.0,
                        0.0,
                        0.0
                    ],
                    "Rotation": [
                        0.0,
                        0.0,
                        0.0,
                        1.0
                    ],
                    "Euler": [
                        -0.0,
                        0.0,
                        -0.0
                    ],
                    "Scale": [
                        1.0,
                        1.0,
                        1.0
                    ],
                    "Global": [
                        -0.43802106380462649,
                        -0.15330731868743897,
                        0.8857958912849426,
                        -0.18860585987567902,
                        0.8360658884048462,
                        0.2926230728626251,
                        0.464074969291687,
                        81.70150756835938,
                        -0.3303503692150116,
                        0.9438583850860596,
                        -3.6545600323734109e-8,
                        -25.383878707885743,
                        0.0,
                        0.0,
                        0.0,
                        1.0
                    ]
                }
            ]
        },
        {
            "UID": 2077243872,
            "ParentUID": 2610497583,
            "Name": "joint6_$AssimpFbx$_Translation",
            "Tag": "Default",
            "Static": 0,
            "ActiveInHierarchy": 1,
            "ActiveSelf": 1,
            "isBoneRoot": 0,
            "baseState": [
                1.0,
                0.0,
                0.0,
                0.0,
                0.0,
                1.0,
                0.0,
                0.0,
                0.0,
                0.0,
                1.0,
                0.0,
                0.0,
                0.0,
                0.0,
                1.0
            ],
            "Navigable": 0,
            "No Walkable": 0,
            "openInHierarchy": 1,
            "isPrefab": 0,
            "isPrefabSync": 0,
            "prefabUID": 0,
            "Components": [
                {
                    "Type": 0,
                    "Enabled": 1,
                    "Position": [
                        -5.567787170410156,
                        -1.9487488269805909,
                        -16.92140007019043
                    ],
                    "Rotation": [
                        0.0,
                        0.0,
                        0.0,
                        1.0
                    ],
                    "Euler": [
                        -0.0,
                        0.0,
                        -0.0
                    ],
                    "Scale": [
                        1.0,
                        1.0,
                        1.0
                    ],
                    "Global": [
                        -0.43802106380462649,
                        -0.15330731868743897,
                        0.8857958912849426,
                        -12.439947128295899,
                        0.8360658884048462,
                        0.2926230728626251,
                        0.464074969291687,
                        68.62342834472656,
                        -0.3303503692150116,
                        0.9438583850860596,
                        -3.6545600323734109e-8,
                        -25.383899688720704,
                        0.0,
                        0.0,
                        0.0,
                        1.0
                    ]
                }
            ]
        },
        {
            "UID": 4126892479,
            "ParentUID": 2077243872,
            "Name": "joint6_$AssimpFbx$_PreRotation",
            "Tag": "Default",
            "Static": 0,
            "ActiveInHierarchy": 1,
            "ActiveSelf": 1,
            "isBoneRoot": 0,
            "baseState": [
                1.0,
                0.0,
                0.0,
                0.0,
                0.0,
                1.0,
                0.0,
                0.0,
                0.0,
                0.0,
                1.0,
                0.0,
                0.0,
                0.0,
                0.0,
                1.0
            ],
            "Navigable": 0,
            "No Walkable": 0,
            "openInHierarchy": 1,
            "isPrefab": 0,
            "isPrefabSync": 0,
            "prefabUID": 0,
            "Components": [
                {
                    "Type": 0,
                    "Enabled": 1,
                    "Position": [
                        0.0,
                        0.0,
                        0.0
                    ],
                    "Rotation": [
                        0.9907338619232178,
                        0.13581767678260804,
                        -5.9367786242603419e-9,
                        -4.330635405835892e-8
                    ],
                    "Euler": [
                        -179.99998474121095,
                        -0.0000013480018878908596,
                        -15.611808776855469
                    ],
                    "Scale": [
                        0.9999999403953552,
                        0.9999999403953552,
                        1.0
                    ],
                    "Global": [
                        -0.4631190001964569,
                        0.02977180853486061,
                        -0.8857958912849426,
                        -12.439947128295899,
                        0.8839712142944336,
                        -0.056826766580343249,
                        -0.464074969291687,
                        68.62342834472656,
                        -0.06415322422981262,
                        -0.9979400038719177,
                        1.237882827354042e-7,
                        -25.383899688720704,
                        0.0,
                        0.0,
                        0.0,
                        1.0
                    ]
                }
            ]
        },
        {
            "UID": 4078696190,
            "ParentUID": 4126892479,
            "Name": "joint6_$AssimpFbx$_Rotation",
            "Tag": "Default",
            "Static": 0,
            "ActiveInHierarchy": 1,
            "ActiveSelf": 1,
            "isBoneRoot": 0,
            "baseState": [
                1.0,
                0.0,
                0.0,
                0.0,
                0.0,
                1.0,
                0.0,
                0.0,
                0.0,
                0.0,
                1.0,
                0.0,
                0.0,
                0.0,
                0.0,
                1.0
            ],
            "Navigable": 0,
            "No Walkable": 0,
            "openInHierarchy": 1,
            "isPrefab": 0,
            "isPrefabSync": 0,
            "prefabUID": 0,
            "Components": [
                {
                    "Type": 0,
                    "Enabled": 1,
                    "Position": [
                        0.0,
                        0.0,
                        0.0
                    ],
                    "Rotation": [
                        0.07468497008085251,
                        0.42810016870498659,
                        0.46855437755584719,
                        0.7691614031791687
                    ],
                    "Euler": [
                        -24.704450607299806,
                        46.764488220214847,
                        73.5153579711914
                    ],
                    "Scale": [
                        0.9999999403953552,
                        1.0,
                        1.0
                    ],
                    "Global": [
                        0.4546958804130554,
                        -0.13656553626060487,
                        -0.8801143765449524,
                        -12.439947128295899,
                        0.4003671109676361,
                        -0.8513641357421875,
                        0.3389472961425781,
                        68.62342834472656,
                        -0.795586347579956,
                        -0.5064868330955505,
                        -0.33243536949157717,
                        -25.383899688720704,
                        0.0,
                        0.0,
                        0.0,
                        1.0
                    ]
                }
            ]
        },
        {
            "UID": 1599494332,
            "ParentUID": 4078696190,
            "Name": "joint6",
            "Tag": "Default",
            "Static": 0,
            "ActiveInHierarchy": 1,
            "ActiveSelf": 1,
            "isBoneRoot": 0,
            "baseState": [
                1.0,
                0.0,
                0.0,
                0.0,
                0.0,
                1.0,
                0.0,
                0.0,
                0.0,
                0.0,
                1.0,
                0.0,
                0.0,
                0.0,
                0.0,
                1.0
            ],
            "Navigable": 0,
            "No Walkable": 0,
            "openInHierarchy": 1,
            "isPrefab": 0,
            "isPrefabSync": 0,
            "prefabUID": 0,
            "Components": [
                {
                    "Type": 0,
                    "Enabled": 1,
                    "Position": [
                        0.0,
                        0.0,
                        0.0
                    ],
                    "Rotation": [
                        0.0,
                        0.0,
                        0.0,
                        1.0
                    ],
                    "Euler": [
                        -0.0,
                        0.0,
                        -0.0
                    ],
                    "Scale": [
                        1.0,
                        1.0,
                        1.0
                    ],
                    "Global": [
                        0.4546958804130554,
                        -0.13656553626060487,
                        -0.8801143765449524,
                        -12.439947128295899,
                        0.4003671109676361,
                        -0.8513641357421875,
                        0.3389472961425781,
                        68.62342834472656,
                        -0.795586347579956,
                        -0.5064868330955505,
                        -0.33243536949157717,
                        -25.383899688720704,
                        0.0,
                        0.0,
                        0.0,
                        1.0
                    ]
                }
            ]
        },
        {
            "UID": 1008881880,
            "ParentUID": 1599494332,
            "Name": "joint7_$AssimpFbx$_Translation",
            "Tag": "Default",
            "Static": 0,
            "ActiveInHierarchy": 1,
            "ActiveSelf": 1,
            "isBoneRoot": 0,
            "baseState": [
                1.0,
                0.0,
                0.0,
                0.0,
                0.0,
                1.0,
                0.0,
                0.0,
                0.0,
                0.0,
                1.0,
                0.0,
                0.0,
                0.0,
                0.0,
                1.0
            ],
            "Navigable": 0,
            "No Walkable": 0,
            "openInHierarchy": 1,
            "isPrefab": 0,
            "isPrefabSync": 0,
            "prefabUID": 0,
            "Components": [
                {
                    "Type": 0,
                    "Enabled": 1,
                    "Position": [
                        -43.55722427368164,
                        0.00003920478775398806,
                        0.0
                    ],
                    "Rotation": [
                        0.0,
                        0.0,
                        0.0,
                        1.0
                    ],
                    "Euler": [
                        -0.0,
                        0.0,
                        -0.0
                    ],
                    "Scale": [
                        1.0,
                        1.0,
                        1.0
                    ],
                    "Global": [
                        0.4546958804130554,
                        -0.13656553626060487,
                        -0.8801143765449524,
                        -32.245243072509769,
                        0.4003671109676361,
                        -0.8513641357421875,
                        0.3389472961425781,
                        51.18451690673828,
                        -0.795586347579956,
                        -0.5064868330955505,
                        -0.33243536949157717,
                        9.269615173339844,
                        0.0,
                        0.0,
                        0.0,
                        1.0
                    ]
                }
            ]
        },
        {
            "UID": 4042224066,
            "ParentUID": 1008881880,
            "Name": "joint7_$AssimpFbx$_PreRotation",
            "Tag": "Default",
            "Static": 0,
            "ActiveInHierarchy": 1,
            "ActiveSelf": 1,
            "isBoneRoot": 0,
            "baseState": [
                1.0,
                0.0,
                0.0,
                0.0,
                0.0,
                1.0,
                0.0,
                0.0,
                0.0,
                0.0,
                1.0,
                0.0,
                0.0,
                0.0,
                0.0,
                1.0
            ],
            "Navigable": 0,
            "No Walkable": 0,
            "openInHierarchy": 1,
            "isPrefab": 0,
            "isPrefabSync": 0,
            "prefabUID": 0,
            "Components": [
                {
                    "Type": 0,
                    "Enabled": 1,
                    "Position": [
                        0.0,
                        0.0,
                        0.0
                    ],
                    "Rotation": [
                        0.9966721534729004,
                        -0.08151459693908692,
                        -3.563116024452029e-9,
                        4.3565918872445766e-8
                    ],
                    "Euler": [
                        179.99998474121095,
                        -8.138884481923014e-7,
                        9.3512601852417
                    ],
                    "Scale": [
                        1.0,
                        1.0,
                        1.0
                    ],
                    "Global": [
                        0.4708433747291565,
                        0.06086858734488487,
                        0.8801143765449524,
                        -32.245243072509769,
                        0.5333818197250366,
                        0.7749958038330078,
                        -0.33894723653793337,
                        51.18451690673828,
                        -0.7027162313461304,
                        0.6290281414985657,
                        0.3324354290962219,
                        9.269615173339844,
                        0.0,
                        0.0,
                        0.0,
                        1.0
                    ]
                }
            ]
        },
        {
            "UID": 472549249,
            "ParentUID": 4042224066,
            "Name": "joint7_$AssimpFbx$_Rotation",
            "Tag": "Default",
            "Static": 0,
            "ActiveInHierarchy": 1,
            "ActiveSelf": 1,
            "isBoneRoot": 0,
            "baseState": [
                1.0,
                0.0,
                0.0,
                0.0,
                0.0,
                1.0,
                0.0,
                0.0,
                0.0,
                0.0,
                1.0,
                0.0,
                0.0,
                0.0,
                0.0,
                1.0
            ],
            "Navigable": 0,
            "No Walkable": 0,
            "openInHierarchy": 1,
            "isPrefab": 0,
            "isPrefabSync": 0,
            "prefabUID": 0,
            "Components": [
                {
                    "Type": 0,
                    "Enabled": 1,
                    "Position": [
                        0.0,
                        0.0,
                        0.0
                    ],
                    "Rotation": [
                        0.0,
                        0.0,
                        0.7496852874755859,
                        0.6617946028709412
                    ],
                    "Euler": [
                        -0.0,
                        0.0,
                        97.1262435913086
                    ],
                    "Scale": [
                        1.0,
                        1.0,
                        1.0
                    ],
                    "Global": [
                        0.0019874311983585359,
                        -0.4747573137283325,
                        0.8801143765449524,
                        -32.245243072509769,
                        0.7028399705886841,
                        -0.6254044771194458,
                        -0.33894723653793337,
                        51.18451690673828,
                        0.7113452553749085,
                        0.6192531585693359,
                        0.3324354290962219,
                        9.269615173339844,
                        0.0,
                        0.0,
                        0.0,
                        1.0
                    ]
                }
            ]
        },
        {
            "UID": 3255598225,
            "ParentUID": 472549249,
            "Name": "joint7",
            "Tag": "Default",
            "Static": 0,
            "ActiveInHierarchy": 1,
            "ActiveSelf": 1,
            "isBoneRoot": 0,
            "baseState": [
                1.0,
                0.0,
                0.0,
                0.0,
                0.0,
                1.0,
                0.0,
                0.0,
                0.0,
                0.0,
                1.0,
                0.0,
                0.0,
                0.0,
                0.0,
                1.0
            ],
            "Navigable": 0,
            "No Walkable": 0,
            "openInHierarchy": 1,
            "isPrefab": 0,
            "isPrefabSync": 0,
            "prefabUID": 0,
            "Components": [
                {
                    "Type": 0,
                    "Enabled": 1,
                    "Position": [
                        0.0,
                        0.0,
                        0.0
                    ],
                    "Rotation": [
                        0.0,
                        0.0,
                        0.0,
                        1.0
                    ],
                    "Euler": [
                        -0.0,
                        0.0,
                        -0.0
                    ],
                    "Scale": [
                        1.0,
                        1.0,
                        1.0
                    ],
                    "Global": [
                        0.0019874311983585359,
                        -0.4747573137283325,
                        0.8801143765449524,
                        -32.245243072509769,
                        0.7028399705886841,
                        -0.6254044771194458,
                        -0.33894723653793337,
                        51.18451690673828,
                        0.7113452553749085,
                        0.6192531585693359,
                        0.3324354290962219,
                        9.269615173339844,
                        0.0,
                        0.0,
                        0.0,
                        1.0
                    ]
                }
            ]
        },
        {
            "UID": 3390990704,
            "ParentUID": 3255598225,
            "Name": "joint8_$AssimpFbx$_Translation",
            "Tag": "Default",
            "Static": 0,
            "ActiveInHierarchy": 1,
            "ActiveSelf": 1,
            "isBoneRoot": 0,
            "baseState": [
                1.0,
                0.0,
                0.0,
                0.0,
                0.0,
                1.0,
                0.0,
                0.0,
                0.0,
                0.0,
                1.0,
                0.0,
                0.0,
                0.0,
                0.0,
                1.0
            ],
            "Navigable": 0,
            "No Walkable": 0,
            "openInHierarchy": 1,
            "isPrefab": 0,
            "isPrefabSync": 0,
            "prefabUID": 0,
            "Components": [
                {
                    "Type": 0,
                    "Enabled": 1,
                    "Position": [
                        -47.11334991455078,
                        0.000011862145584018436,
                        0.0
                    ],
                    "Rotation": [
                        0.0,
                        0.0,
                        0.0,
                        1.0
                    ],
                    "Euler": [
                        -0.0,
                        0.0,
                        -0.0
                    ],
                    "Scale": [
                        1.0,
                        1.0,
                        1.0
                    ],
                    "Global": [
                        0.0019874311983585359,
                        -0.4747573137283325,
                        0.8801143765449524,
                        -32.33888244628906,
                        0.7028399705886841,
                        -0.6254044771194458,
                        -0.33894723653793337,
                        18.071365356445314,
                        0.7113452553749085,
                        0.6192531585693359,
                        0.3324354290962219,
                        -24.24423599243164,
                        0.0,
                        0.0,
                        0.0,
                        1.0
                    ]
                }
            ]
        },
        {
            "UID": 2594587844,
            "ParentUID": 3390990704,
            "Name": "joint8_$AssimpFbx$_PreRotation",
            "Tag": "Default",
            "Static": 0,
            "ActiveInHierarchy": 1,
            "ActiveSelf": 1,
            "isBoneRoot": 0,
            "baseState": [
                1.0,
                0.0,
                0.0,
                0.0,
                0.0,
                1.0,
                0.0,
                0.0,
                0.0,
                0.0,
                1.0,
                0.0,
                0.0,
                0.0,
                0.0,
                1.0
            ],
            "Navigable": 0,
            "No Walkable": 0,
            "openInHierarchy": 1,
            "isPrefab": 0,
            "isPrefabSync": 0,
            "prefabUID": 0,
            "Components": [
                {
                    "Type": 0,
                    "Enabled": 1,
                    "Position": [
                        0.0,
                        0.0,
                        0.0
                    ],
                    "Rotation": [
                        0.8607384562492371,
                        -0.5090475082397461,
                        -2.2251171571952e-8,
                        3.7624069193498147e-8
                    ],
                    "Euler": [
                        179.99998474121095,
                        -0.000004389415153127629,
                        61.2008056640625
                    ],
                    "Scale": [
                        1.0,
                        1.0,
                        1.0
                    ],
                    "Global": [
                        0.4169936776161194,
                        0.2269686460494995,
                        -0.8801143765449524,
                        -32.33888244628906,
                        0.8866374492645264,
                        -0.3146250247955322,
                        0.33894720673561098,
                        18.071365356445314,
                        -0.19997549057006837,
                        -0.92168128490448,
                        -0.3324355185031891,
                        -24.24423599243164,
                        0.0,
                        0.0,
                        0.0,
                        1.0
                    ]
                }
            ]
        },
        {
            "UID": 2563945045,
            "ParentUID": 2594587844,
            "Name": "joint8_$AssimpFbx$_Rotation",
            "Tag": "Default",
            "Static": 0,
            "ActiveInHierarchy": 1,
            "ActiveSelf": 1,
            "isBoneRoot": 0,
            "baseState": [
                1.0,
                0.0,
                0.0,
                0.0,
                0.0,
                1.0,
                0.0,
                0.0,
                0.0,
                0.0,
                1.0,
                0.0,
                0.0,
                0.0,
                0.0,
                1.0
            ],
            "Navigable": 0,
            "No Walkable": 0,
            "openInHierarchy": 1,
            "isPrefab": 0,
            "isPrefabSync": 0,
            "prefabUID": 0,
            "Components": [
                {
                    "Type": 0,
                    "Enabled": 1,
                    "Position": [
                        0.0,
                        0.0,
                        0.0
                    ],
                    "Rotation": [
                        -0.17061032354831696,
                        -0.3106825649738312,
                        0.2722766101360321,
                        0.8945579528808594
                    ],
                    "Euler": [
                        -10.299250602722168,
                        -40.44768524169922,
                        30.054244995117189
                    ],
                    "Scale": [
                        1.0,
                        1.0,
                        1.0
                    ],
                    "Global": [
                        0.0018516480922698975,
                        0.43872523307800295,
                        -0.8986192941665649,
                        -32.33888244628906,
                        0.5543074607849121,
                        -0.7483827471733093,
                        -0.36423423886299136,
                        18.071365356445314,
                        -0.8323097825050354,
                        -0.49743711948394778,
                        -0.24457448720932008,
                        -24.24423599243164,
                        0.0,
                        0.0,
                        0.0,
                        1.0
                    ]
                }
            ]
        },
        {
            "UID": 3040468337,
            "ParentUID": 2563945045,
            "Name": "joint8",
            "Tag": "Default",
            "Static": 0,
            "ActiveInHierarchy": 1,
            "ActiveSelf": 1,
            "isBoneRoot": 0,
            "baseState": [
                1.0,
                0.0,
                0.0,
                0.0,
                0.0,
                1.0,
                0.0,
                0.0,
                0.0,
                0.0,
                1.0,
                0.0,
                0.0,
                0.0,
                0.0,
                1.0
            ],
            "Navigable": 0,
            "No Walkable": 0,
            "openInHierarchy": 1,
            "isPrefab": 0,
            "isPrefabSync": 0,
            "prefabUID": 0,
            "Components": [
                {
                    "Type": 0,
                    "Enabled": 1,
                    "Position": [
                        0.0,
                        0.0,
                        0.0
                    ],
                    "Rotation": [
                        0.0,
                        0.0,
                        0.0,
                        1.0
                    ],
                    "Euler": [
                        -0.0,
                        0.0,
                        -0.0
                    ],
                    "Scale": [
                        1.0,
                        1.0,
                        1.0
                    ],
                    "Global": [
                        0.0018516480922698975,
                        0.43872523307800295,
                        -0.8986192941665649,
                        -32.33888244628906,
                        0.5543074607849121,
                        -0.7483827471733093,
                        -0.36423423886299136,
                        18.071365356445314,
                        -0.8323097825050354,
                        -0.49743711948394778,
                        -0.24457448720932008,
                        -24.24423599243164,
                        0.0,
                        0.0,
                        0.0,
                        1.0
                    ]
                }
            ]
        },
        {
            "UID": 3578329668,
            "ParentUID": 3040468337,
            "Name": "joint9_$AssimpFbx$_Translation",
            "Tag": "Default",
            "Static": 0,
            "ActiveInHierarchy": 1,
            "ActiveSelf": 1,
