{
    "GameObjects": [
        {
            "UID": 3350219039,
            "ParentUID": 3249860869,
            "Name": "BandoleroNormal",
            "Tag": "Default",
            "Static": 0,
            "ActiveInHierarchy": 1,
            "ActiveSelf": 1,
            "isBoneRoot": 0,
            "baseState": [
                1.0,
                0.0,
                0.0,
                0.0,
                0.0,
                1.0,
                0.0,
                0.0,
                0.0,
                0.0,
                1.0,
                0.0,
                0.0,
                0.0,
                0.0,
                1.0
            ],
            "Navigable": 0,
            "No Walkable": 0,
            "openInHierarchy": 1,
            "isPrefab": 1,
            "isPrefabSync": 1,
            "prefabUID": 3557677386,
            "Components": [
                {
                    "Type": 0,
                    "Enabled": 1,
                    "Position": [
                        -4698.60888671875,
                        637.8856201171875,
                        1832.2769775390626
                    ],
                    "Rotation": [
                        -0.0000012013961168122478,
                        0.4779776930809021,
                        0.0000016320165059369174,
                        0.8783719539642334
                    ],
                    "Euler": [
                        -0.00038726627826690674,
                        57.106807708740237,
                        0.0004236473760101944
                    ],
                    "Scale": [
                        0.9999918937683106,
                        1.0,
                        0.9999918937683106
                    ],
                    "Global": [
                        0.5430701971054077,
                        -0.000004015516424260568,
                        0.839677631855011,
                        -4698.60888671875,
                        0.0000017185401475217078,
                        1.0,
                        0.0000036706503578898266,
                        637.8856201171875,
                        -0.839677631855011,
                        -5.504102773556951e-7,
                        0.5430701971054077,
                        1832.2769775390626,
                        0.0,
                        0.0,
                        0.0,
                        1.0
                    ]
                },
                {
                    "Type": 15,
                    "Enabled": 1,
                    "pos": [
                        0.0,
                        120.0,
                        0.0
                    ],
                    "r": [
                        50.0,
                        100.0,
                        30.0
                    ],
                    "boxType": 3,
                    "debug_draw": 1
                },
                {
                    "Type": 9,
                    "Enabled": 1,
                    "script": "EnemyControllerScript",
                    "scriptInfo": {
                        "type": 4,
                        "level": 2,
                        "playerTag": "Player",
                        "health": 15,
                        "experience": 40,
                        "enemyCursor": "RedGlow.cur",
                        "lootDelay": 0.5,
                        "lootRadius": 100.0,
                        "lootChance": 35.0
                    }
                },
                {
                    "Type": 9,
                    "Enabled": 1,
                    "script": "LootDropScript",
                    "scriptInfo": {
                        "NumberOfItems": 2,
                        "ItemPrefabName0": "Health Potion_animated",
                        "ItemPrefabName1": "Mana Potion_animated",
                        "animate": 0,
                        "animDuration": 0.800000011920929,
                        "animHigh": 200.0
                    }
                },
                {
                    "Type": 9,
                    "Enabled": 1,
                    "script": "RangeEnemyAIScript",
                    "scriptInfo": {
                        "activationDistance": 1000.0,
                        "runSpeed": 400.0,
                        "maxAttackDistance": 800.0,
                        "minAttackDistance": 500.0,
                        "returnSpeed": 200.0,
                        "disengageDistance": 1200.0,
                        "attackDuration": 1.0,
                        "attackDamage": 20.0,
                        "numberOfProjectiles": 1,
                        "projectileDelay1": 0.10000000149011612,
                        "projectileDelay2": 1.0,
                        "projectileDelay3": 1.399999976158142,
                        "cooldownTime": 1.0
                    }
                }
            ]
        },
        {
            "UID": 3785880037,
            "ParentUID": 3350219039,
            "Name": "Scene",
            "Tag": "Default",
            "Static": 0,
            "ActiveInHierarchy": 1,
            "ActiveSelf": 1,
            "isBoneRoot": 1,
            "baseState": [
                1.0,
                0.0,
                0.0,
                0.0,
                0.0,
                1.0,
                0.0,
                0.0,
                0.0,
                0.0,
                1.0,
                0.0,
                0.0,
                0.0,
                0.0,
                1.0
            ],
            "Navigable": 0,
            "No Walkable": 0,
            "openInHierarchy": 0,
            "isPrefab": 0,
            "isPrefabSync": 0,
            "prefabUID": 0,
            "Components": [
                {
                    "Type": 0,
                    "Enabled": 1,
                    "Position": [
                        0.0,
                        0.0,
                        0.0
                    ],
                    "Rotation": [
                        0.0,
                        0.0,
                        0.0,
                        1.0
                    ],
                    "Euler": [
                        -0.0,
                        0.0,
                        -0.0
                    ],
                    "Scale": [
                        1.0,
                        1.0,
                        1.0
                    ],
                    "Global": [
                        0.5430701971054077,
                        -0.000004015516424260568,
                        0.839677631855011,
                        -4698.60888671875,
                        0.0000017185401475217078,
                        1.0,
                        0.0000036706503578898266,
                        637.8856201171875,
                        -0.839677631855011,
                        -5.504102773556951e-7,
                        0.5430701971054077,
                        1832.2769775390626,
                        0.0,
                        0.0,
                        0.0,
                        1.0
                    ]
                },
                {
                    "Type": 4,
                    "Enabled": 1,
                    "stateMachineUID": 18891358
                }
            ]
        },
        {
            "UID": 2873849841,
            "ParentUID": 3785880037,
            "Name": "joint1_$AssimpFbx$_Translation",
            "Tag": "Default",
            "Static": 0,
            "ActiveInHierarchy": 1,
            "ActiveSelf": 1,
            "isBoneRoot": 0,
            "baseState": [
                1.0,
                0.0,
                0.0,
                0.0,
                0.0,
                1.0,
                0.0,
                0.0,
                0.0,
                0.0,
                1.0,
                0.0,
                0.0,
                0.0,
                0.0,
                1.0
            ],
            "Navigable": 0,
            "No Walkable": 0,
            "openInHierarchy": 0,
            "isPrefab": 0,
            "isPrefabSync": 0,
            "prefabUID": 0,
            "Components": [
                {
                    "Type": 0,
                    "Enabled": 1,
                    "Position": [
                        -2.2959518432617189,
                        135.7368927001953,
                        -5.411640167236328
                    ],
                    "Rotation": [
                        0.0,
                        0.0,
                        0.0,
                        1.0
                    ],
                    "Euler": [
                        -0.0,
                        0.0,
                        -0.0
                    ],
                    "Scale": [
                        1.0,
                        1.0,
                        1.0
                    ],
                    "Global": [
                        0.5430701971054077,
                        -0.000004015516424260568,
                        0.839677631855011,
                        -4704.400390625,
                        0.0000017185401475217078,
                        1.0,
                        0.0000036706503578898266,
                        773.6224975585938,
                        -0.839677631855011,
                        -5.504102773556951e-7,
                        0.5430701971054077,
                        1831.265869140625,
                        0.0,
                        0.0,
                        0.0,
                        1.0
                    ]
                }
            ]
        },
        {
            "UID": 1027850145,
            "ParentUID": 2873849841,
            "Name": "joint1_$AssimpFbx$_PreRotation",
            "Tag": "Default",
            "Static": 0,
            "ActiveInHierarchy": 1,
            "ActiveSelf": 1,
            "isBoneRoot": 0,
            "baseState": [
                1.0,
                0.0,
                0.0,
                0.0,
                0.0,
                1.0,
                0.0,
                0.0,
                0.0,
                0.0,
                1.0,
                0.0,
                0.0,
                0.0,
                0.0,
                1.0
            ],
            "Navigable": 0,
            "No Walkable": 0,
            "openInHierarchy": 1,
            "isPrefab": 0,
            "isPrefabSync": 0,
            "prefabUID": 0,
            "Components": [
                {
                    "Type": 0,
                    "Enabled": 1,
                    "Position": [
                        0.0,
                        0.0,
                        0.0
                    ],
                    "Rotation": [
                        0.4552939832210541,
                        0.541024386882782,
                        0.4552939832210541,
                        0.541024386882782
                    ],
                    "Euler": [
                        80.16394805908203,
                        90.0,
                        0.0
                    ],
                    "Scale": [
                        0.9999999403953552,
                        0.9999999403953552,
                        1.0
                    ],
                    "Global": [
                        -0.143445685505867,
                        0.8273341059684753,
                        0.5430701971054077,
                        -4704.400390625,
                        0.9852998852729797,
                        0.17083314061164857,
                        0.0000017185401475217078,
                        773.6224975585938,
                        -0.0927729681134224,
                        0.5350872278213501,
                        -0.839677631855011,
                        1831.265869140625,
                        0.0,
                        0.0,
                        0.0,
                        1.0
                    ]
                }
            ]
        },
        {
            "UID": 1252457665,
            "ParentUID": 1027850145,
            "Name": "joint1_$AssimpFbx$_Rotation",
            "Tag": "Default",
            "Static": 0,
            "ActiveInHierarchy": 1,
            "ActiveSelf": 1,
            "isBoneRoot": 0,
            "baseState": [
                1.0,
                0.0,
                0.0,
                0.0,
                0.0,
                1.0,
                0.0,
                0.0,
                0.0,
                0.0,
                1.0,
                0.0,
                0.0,
                0.0,
                0.0,
                1.0
            ],
            "Navigable": 0,
            "No Walkable": 0,
            "openInHierarchy": 1,
            "isPrefab": 0,
            "isPrefabSync": 0,
            "prefabUID": 0,
            "Components": [
                {
                    "Type": 0,
                    "Enabled": 1,
                    "Position": [
                        0.0,
                        0.0,
                        0.0
                    ],
                    "Rotation": [
                        0.0,
                        0.0,
                        0.0,
                        1.0
                    ],
                    "Euler": [
                        -0.0,
                        0.0,
                        -0.0
                    ],
                    "Scale": [
                        1.0,
                        1.0,
                        1.0
                    ],
                    "Global": [
                        -0.143445685505867,
                        0.8273341059684753,
                        0.5430701971054077,
                        -4704.400390625,
                        0.9852998852729797,
                        0.17083314061164857,
                        0.0000017185401475217078,
                        773.6224975585938,
                        -0.0927729681134224,
                        0.5350872278213501,
                        -0.839677631855011,
                        1831.265869140625,
                        0.0,
                        0.0,
                        0.0,
                        1.0
                    ]
                }
            ]
        },
        {
            "UID": 2304782643,
            "ParentUID": 1252457665,
            "Name": "joint1_$AssimpFbx$_Scaling",
            "Tag": "Default",
            "Static": 0,
            "ActiveInHierarchy": 1,
            "ActiveSelf": 1,
            "isBoneRoot": 0,
            "baseState": [
                1.0,
                0.0,
                0.0,
                0.0,
                0.0,
                1.0,
                0.0,
                0.0,
                0.0,
                0.0,
                1.0,
                0.0,
                0.0,
                0.0,
                0.0,
                1.0
            ],
            "Navigable": 0,
            "No Walkable": 0,
            "openInHierarchy": 1,
            "isPrefab": 0,
            "isPrefabSync": 0,
            "prefabUID": 0,
            "Components": [
                {
                    "Type": 0,
                    "Enabled": 1,
                    "Position": [
                        0.0,
                        0.0,
                        0.0
                    ],
                    "Rotation": [
                        0.0,
                        0.0,
                        0.0,
                        1.0
                    ],
                    "Euler": [
                        -0.0,
                        0.0,
                        -0.0
                    ],
                    "Scale": [
                        1.0,
                        1.0,
                        1.0
                    ],
                    "Global": [
                        -0.143445685505867,
                        0.8273341059684753,
                        0.5430701971054077,
                        -4704.400390625,
                        0.9852998852729797,
                        0.17083314061164857,
                        0.0000017185401475217078,
                        773.6224975585938,
                        -0.0927729681134224,
                        0.5350872278213501,
                        -0.839677631855011,
                        1831.265869140625,
                        0.0,
                        0.0,
                        0.0,
                        1.0
                    ]
                }
            ]
        },
        {
            "UID": 657426464,
            "ParentUID": 2304782643,
            "Name": "joint1",
            "Tag": "Default",
            "Static": 0,
            "ActiveInHierarchy": 1,
            "ActiveSelf": 1,
            "isBoneRoot": 0,
            "baseState": [
                1.0,
                0.0,
                0.0,
                0.0,
                0.0,
                1.0,
                0.0,
                0.0,
                0.0,
                0.0,
                1.0,
                0.0,
                0.0,
                0.0,
                0.0,
                1.0
            ],
            "Navigable": 0,
            "No Walkable": 0,
            "openInHierarchy": 1,
            "isPrefab": 0,
            "isPrefabSync": 0,
            "prefabUID": 0,
            "Components": [
                {
                    "Type": 0,
                    "Enabled": 1,
                    "Position": [
                        0.0,
                        0.0,
                        0.0
                    ],
                    "Rotation": [
                        0.0,
                        0.0,
                        0.0,
                        1.0
                    ],
                    "Euler": [
                        -0.0,
                        0.0,
                        -0.0
                    ],
                    "Scale": [
                        1.0,
                        1.0,
                        1.0
                    ],
                    "Global": [
                        -0.143445685505867,
                        0.8273341059684753,
                        0.5430701971054077,
                        -4704.400390625,
                        0.9852998852729797,
                        0.17083314061164857,
                        0.0000017185401475217078,
                        773.6224975585938,
                        -0.0927729681134224,
                        0.5350872278213501,
                        -0.839677631855011,
                        1831.265869140625,
                        0.0,
                        0.0,
                        0.0,
                        1.0
                    ]
                }
            ]
        },
        {
            "UID": 3214292924,
            "ParentUID": 657426464,
            "Name": "joint19_$AssimpFbx$_Translation",
            "Tag": "Default",
            "Static": 0,
            "ActiveInHierarchy": 1,
            "ActiveSelf": 1,
            "isBoneRoot": 0,
            "baseState": [
                1.0,
                0.0,
                0.0,
                0.0,
                0.0,
                1.0,
                0.0,
                0.0,
                0.0,
                0.0,
                1.0,
                0.0,
                0.0,
                0.0,
                0.0,
                1.0
            ],
            "Navigable": 0,
            "No Walkable": 0,
            "openInHierarchy": 1,
            "isPrefab": 0,
            "isPrefabSync": 0,
            "prefabUID": 0,
            "Components": [
                {
                    "Type": 0,
                    "Enabled": 1,
                    "Position": [
                        -19.092594146728517,
                        3.049351453781128,
                        -21.38054847717285
                    ],
                    "Rotation": [
                        0.0,
                        0.0,
                        0.0,
                        1.0
                    ],
                    "Euler": [
                        -0.0,
                        0.0,
                        -0.0
                    ],
                    "Scale": [
                        1.0,
                        1.0,
                        1.0
                    ],
                    "Global": [
                        -0.143445685505867,
                        0.8273341059684753,
                        0.5430701971054077,
                        -4710.75,
                        0.9852998852729797,
                        0.17083314061164857,
                        0.0000017185401475217078,
                        755.3314819335938,
                        -0.0927729681134224,
                        0.5350872278213501,
                        -0.839677631855011,
                        1852.62158203125,
                        0.0,
                        0.0,
                        0.0,
                        1.0
                    ]
                }
            ]
        },
        {
            "UID": 3744163419,
            "ParentUID": 3214292924,
            "Name": "joint19_$AssimpFbx$_PreRotation",
            "Tag": "Default",
            "Static": 0,
            "ActiveInHierarchy": 1,
            "ActiveSelf": 1,
            "isBoneRoot": 0,
            "baseState": [
                1.0,
                0.0,
                0.0,
                0.0,
                0.0,
                1.0,
                0.0,
                0.0,
                0.0,
                0.0,
                1.0,
                0.0,
                0.0,
                0.0,
                0.0,
                1.0
            ],
            "Navigable": 0,
            "No Walkable": 0,
            "openInHierarchy": 0,
            "isPrefab": 0,
            "isPrefabSync": 0,
            "prefabUID": 0,
            "Components": [
                {
                    "Type": 0,
                    "Enabled": 1,
                    "Position": [
                        0.0,
                        0.0,
                        0.0
                    ],
                    "Rotation": [
                        -0.26317155361175539,
                        0.0015788862947374583,
                        0.11776045709848404,
                        0.9575337171554565
                    ],
                    "Euler": [
                        -30.347415924072267,
                        -3.3800466060638429,
                        13.10549259185791
                    ],
                    "Scale": [
                        0.9999999403953552,
                        1.0,
                        1.0
                    ],
                    "Global": [
                        0.011122841387987137,
                        0.448755145072937,
                        0.8935763835906982,
                        -4710.75,
                        0.9963515996932983,
                        -0.08059221506118775,
                        0.028071383014321328,
                        755.3314819335938,
                        0.08461247384548187,
                        0.8900041580200195,
                        -0.4480144679546356,
                        1852.62158203125,
                        0.0,
                        0.0,
                        0.0,
                        1.0
                    ]
                }
            ]
        },
        {
            "UID": 3655998952,
            "ParentUID": 3744163419,
            "Name": "joint19_$AssimpFbx$_Rotation",
            "Tag": "Default",
            "Static": 0,
            "ActiveInHierarchy": 1,
            "ActiveSelf": 1,
            "isBoneRoot": 0,
            "baseState": [
                1.0,
                0.0,
                0.0,
                0.0,
                0.0,
                1.0,
                0.0,
                0.0,
                0.0,
                0.0,
                1.0,
                0.0,
                0.0,
                0.0,
                0.0,
                1.0
            ],
            "Navigable": 0,
            "No Walkable": 0,
            "openInHierarchy": 1,
            "isPrefab": 0,
            "isPrefabSync": 0,
            "prefabUID": 0,
            "Components": [
                {
                    "Type": 0,
                    "Enabled": 1,
                    "Position": [
                        0.0,
                        0.0,
                        0.0
                    ],
                    "Rotation": [
                        -0.023206425830721856,
                        -0.024497846141457559,
                        0.04264898598194122,
                        0.9985201358795166
                    ],
                    "Euler": [
                        -2.539721965789795,
                        -2.9177677631378176,
                        4.826791763305664
                    ],
                    "Scale": [
                        1.0,
                        1.0,
                        1.0
                    ],
                    "Global": [
                        0.09174832701683045,
                        0.40242528915405276,
                        0.9108346104621887,
                        -4710.75,
                        0.9858930706977844,
                        -0.16529996693134309,
                        -0.026276053860783578,
                        755.3314819335938,
                        0.1399867832660675,
                        0.900396466255188,
                        -0.4119144380092621,
                        1852.62158203125,
                        0.0,
                        0.0,
                        0.0,
                        1.0
                    ]
                }
            ]
        },
        {
            "UID": 937549716,
            "ParentUID": 3655998952,
            "Name": "joint19_$AssimpFbx$_Scaling",
            "Tag": "Default",
            "Static": 0,
            "ActiveInHierarchy": 1,
            "ActiveSelf": 1,
            "isBoneRoot": 0,
            "baseState": [
                1.0,
                0.0,
                0.0,
                0.0,
                0.0,
                1.0,
                0.0,
                0.0,
                0.0,
                0.0,
                1.0,
                0.0,
                0.0,
                0.0,
                0.0,
                1.0
            ],
            "Navigable": 0,
            "No Walkable": 0,
            "openInHierarchy": 0,
            "isPrefab": 0,
            "isPrefabSync": 0,
            "prefabUID": 0,
            "Components": [
                {
                    "Type": 0,
                    "Enabled": 1,
                    "Position": [
                        0.0,
                        0.0,
                        0.0
                    ],
                    "Rotation": [
                        0.0,
                        0.0,
                        0.0,
                        1.0
                    ],
                    "Euler": [
                        -0.0,
                        0.0,
                        -0.0
                    ],
                    "Scale": [
                        1.0,
                        1.0,
                        1.0
                    ],
                    "Global": [
                        0.09174832701683045,
                        0.40242528915405276,
                        0.9108346104621887,
                        -4710.75,
                        0.9858930706977844,
                        -0.16529996693134309,
                        -0.026276053860783578,
                        755.3314819335938,
                        0.1399867832660675,
                        0.900396466255188,
                        -0.4119144380092621,
                        1852.62158203125,
                        0.0,
                        0.0,
                        0.0,
                        1.0
                    ]
                }
            ]
        },
        {
            "UID": 19640774,
            "ParentUID": 937549716,
            "Name": "joint19",
            "Tag": "Default",
            "Static": 0,
            "ActiveInHierarchy": 1,
            "ActiveSelf": 1,
            "isBoneRoot": 0,
            "baseState": [
                1.0,
                0.0,
                0.0,
                0.0,
                0.0,
                1.0,
                0.0,
                0.0,
                0.0,
                0.0,
                1.0,
                0.0,
                0.0,
                0.0,
                0.0,
                1.0
            ],
            "Navigable": 0,
            "No Walkable": 0,
            "openInHierarchy": 1,
            "isPrefab": 0,
            "isPrefabSync": 0,
            "prefabUID": 0,
            "Components": [
                {
                    "Type": 0,
                    "Enabled": 1,
                    "Position": [
                        0.0,
                        0.0,
                        0.0
                    ],
                    "Rotation": [
                        0.0,
                        0.0,
                        0.0,
                        1.0
                    ],
                    "Euler": [
                        -0.0,
                        0.0,
                        -0.0
                    ],
                    "Scale": [
                        1.0,
                        1.0,
                        1.0
                    ],
                    "Global": [
                        0.09174832701683045,
                        0.40242528915405276,
                        0.9108346104621887,
                        -4710.75,
                        0.9858930706977844,
                        -0.16529996693134309,
                        -0.026276053860783578,
                        755.3314819335938,
                        0.1399867832660675,
                        0.900396466255188,
                        -0.4119144380092621,
                        1852.62158203125,
                        0.0,
                        0.0,
                        0.0,
                        1.0
                    ]
                }
            ]
        },
        {
            "UID": 538013132,
            "ParentUID": 19640774,
            "Name": "joint20_$AssimpFbx$_Translation",
            "Tag": "Default",
            "Static": 0,
            "ActiveInHierarchy": 1,
            "ActiveSelf": 1,
            "isBoneRoot": 0,
            "baseState": [
                1.0,
                0.0,
                0.0,
                0.0,
                0.0,
                1.0,
                0.0,
                0.0,
                0.0,
                0.0,
                1.0,
                0.0,
                0.0,
                0.0,
                0.0,
                1.0
            ],
            "Navigable": 0,
            "No Walkable": 0,
            "openInHierarchy": 1,
            "isPrefab": 0,
            "isPrefabSync": 0,
            "prefabUID": 0,
            "Components": [
                {
                    "Type": 0,
                    "Enabled": 1,
                    "Position": [
                        -47.73195266723633,
                        7.631657600402832,
                        1.755804419517517
                    ],
                    "Rotation": [
                        0.0,
                        0.0,
                        0.0,
                        1.0
                    ],
                    "Euler": [
                        -0.0,
                        0.0,
                        -0.0
                    ],
                    "Scale": [
                        1.0,
                        1.0,
                        1.0
                    ],
                    "Global": [
                        0.09174832701683045,
                        0.40242528915405276,
                        0.9108346104621887,
                        -4710.458984375,
                        0.9858930706977844,
                        -0.16529996693134309,
                        -0.026276053860783578,
                        706.9652099609375,
                        0.1399867832660675,
                        0.900396466255188,
                        -0.4119144380092621,
                        1852.0880126953126,
                        0.0,
                        0.0,
                        0.0,
                        1.0
                    ]
                }
            ]
        },
        {
            "UID": 3493686802,
            "ParentUID": 538013132,
            "Name": "joint20_$AssimpFbx$_PreRotation",
            "Tag": "Default",
            "Static": 0,
            "ActiveInHierarchy": 1,
            "ActiveSelf": 1,
            "isBoneRoot": 0,
            "baseState": [
                1.0,
                0.0,
                0.0,
                0.0,
                0.0,
                1.0,
                0.0,
                0.0,
                0.0,
                0.0,
                1.0,
                0.0,
                0.0,
                0.0,
                0.0,
                1.0
            ],
            "Navigable": 0,
            "No Walkable": 0,
            "openInHierarchy": 1,
            "isPrefab": 0,
            "isPrefabSync": 0,
            "prefabUID": 0,
            "Components": [
                {
                    "Type": 0,
                    "Enabled": 1,
                    "Position": [
                        0.0,
                        0.0,
                        0.0
                    ],
                    "Rotation": [
                        0.0003492314135655761,
                        0.008277695626020432,
                        -0.04246915504336357,
                        0.9990634322166443
                    ],
                    "Euler": [
                        0.0802767425775528,
                        0.94600909948349,
                        -4.868900299072266
                    ],
                    "Scale": [
                        0.9999999403953552,
                        0.9999999403953552,
                        1.0
                    ],
                    "Global": [
                        0.042165689170360568,
                        0.4087548553943634,
                        0.9116606116294861,
                        -4710.458984375,
                        0.9966630935668945,
                        -0.08103614300489426,
                        -0.009763563051819802,
                        706.9652099609375,
                        0.06988654285669327,
                        0.9090303778648377,
                        -0.4108080565929413,
                        1852.0880126953126,
                        0.0,
                        0.0,
                        0.0,
                        1.0
                    ]
                }
            ]
        },
        {
            "UID": 4095545611,
            "ParentUID": 3493686802,
            "Name": "joint20_$AssimpFbx$_Rotation",
            "Tag": "Default",
            "Static": 0,
            "ActiveInHierarchy": 1,
            "ActiveSelf": 1,
            "isBoneRoot": 0,
            "baseState": [
                1.0,
                0.0,
                0.0,
                0.0,
                0.0,
                1.0,
                0.0,
                0.0,
                0.0,
                0.0,
                1.0,
                0.0,
                0.0,
                0.0,
                0.0,
                1.0
            ],
            "Navigable": 0,
            "No Walkable": 0,
            "openInHierarchy": 1,
            "isPrefab": 0,
            "isPrefabSync": 0,
            "prefabUID": 0,
            "Components": [
                {
                    "Type": 0,
                    "Enabled": 1,
                    "Position": [
                        0.0,
                        0.0,
                        0.0
                    ],
                    "Rotation": [
                        0.006348372437059879,
                        0.051542412489652637,
                        -0.08090979605913162,
                        0.9953676462173462
                    ],
                    "Euler": [
                        1.208318829536438,
                        5.830161094665527,
                        -9.355826377868653
                    ],
                    "Scale": [
                        1.0,
                        0.9999999403953552,
                        0.9999999403953552
                    ],
                    "Global": [
                        -0.11866063624620438,
                        0.414107084274292,
                        0.9024512767791748,
                        -4710.458984375,
                        0.9923297762870789,
                        0.08117415755987168,
                        0.09323015064001084,
                        706.9652099609375,
                        -0.03464849665760994,
                        0.9065923094749451,
                        -0.4205632209777832,
                        1852.0880126953126,
                        0.0,
                        0.0,
                        0.0,
                        1.0
                    ]
                }
            ]
        },
        {
            "UID": 1860570040,
            "ParentUID": 4095545611,
            "Name": "joint20_$AssimpFbx$_Scaling",
            "Tag": "Default",
            "Static": 0,
            "ActiveInHierarchy": 1,
            "ActiveSelf": 1,
            "isBoneRoot": 0,
            "baseState": [
                1.0,
                0.0,
                0.0,
                0.0,
                0.0,
                1.0,
                0.0,
                0.0,
                0.0,
                0.0,
                1.0,
                0.0,
                0.0,
                0.0,
                0.0,
                1.0
            ],
            "Navigable": 0,
            "No Walkable": 0,
            "openInHierarchy": 1,
            "isPrefab": 0,
            "isPrefabSync": 0,
            "prefabUID": 0,
            "Components": [
                {
                    "Type": 0,
                    "Enabled": 1,
                    "Position": [
                        0.0,
                        0.0,
                        0.0
                    ],
                    "Rotation": [
                        0.0,
                        0.0,
                        0.0,
                        1.0
                    ],
                    "Euler": [
                        -0.0,
                        0.0,
                        -0.0
                    ],
                    "Scale": [
                        1.0,
                        1.0,
                        1.0
                    ],
                    "Global": [
                        -0.11866063624620438,
                        0.414107084274292,
                        0.9024512767791748,
                        -4710.458984375,
                        0.9923297762870789,
                        0.08117415755987168,
                        0.09323015064001084,
                        706.9652099609375,
                        -0.03464849665760994,
                        0.9065923094749451,
                        -0.4205632209777832,
                        1852.0880126953126,
                        0.0,
                        0.0,
                        0.0,
                        1.0
                    ]
                }
            ]
