{
    "GameObjects": [
        {
            "UID": 3086097531,
            "ParentUID": 1232963659,
            "Name": "BandoleroNormal",
            "Tag": "Default",
            "Static": 0,
            "ActiveInHierarchy": 1,
            "ActiveSelf": 1,
            "isBoneRoot": 0,
            "baseState": [
                1.0,
                0.0,
                0.0,
                0.0,
                0.0,
                1.0,
                0.0,
                0.0,
                0.0,
                0.0,
                1.0,
                0.0,
                0.0,
                0.0,
                0.0,
                1.0
            ],
            "Navigable": 0,
            "No Walkable": 0,
            "openInHierarchy": 1,
            "isPrefab": 1,
            "isPrefabSync": 1,
            "prefabUID": 3557677386,
            "prefabTimeStamp": 1572785322,
            "Components": [
                {
                    "Type": 0,
                    "Enabled": 1,
                    "Position": [
                        -4582.595703125,
                        349.910888671875,
                        -2034.1268310546876
                    ],
                    "Rotation": [
                        -0.0000012013965715595987,
                        0.4779776930809021,
                        0.0000016320171880579438,
                        0.8783719539642334
                    ],
                    "Euler": [
                        -0.0003872664528898895,
                        57.106807708740237,
                        0.0004236475215293467
                    ],
                    "Scale": [
                        0.9999918937683106,
                        1.0,
                        0.9999918937683106
                    ],
                    "Global": [
                        0.5430701971054077,
                        -0.0000040155177885026209,
                        0.839677631855011,
                        -4582.595703125,
                        0.0000017185403748953832,
                        1.0,
                        0.00000367065217687923,
                        349.910888671875,
                        -0.839677631855011,
                        -5.504110731635592e-7,
                        0.5430701971054077,
                        -2034.1268310546876,
                        0.0,
                        0.0,
                        0.0,
                        1.0
                    ]
                },
                {
                    "Type": 15,
                    "Enabled": 1,
                    "pos": [
                        0.0,
                        120.0,
                        0.0
                    ],
                    "r": [
                        50.0,
                        100.0,
                        30.0
                    ],
                    "boxType": 3,
                    "debug_draw": 1
                },
                {
                    "Type": 9,
                    "Enabled": 1,
                    "script": "EnemyControllerScript",
                    "scriptInfo": {
                        "type": 4,
                        "level": 2,
                        "playerTag": "Player",
                        "health": 15,
                        "experience": 40,
                        "enemyCursor": "RedGlow.cur",
                        "lootDelay": 0.5,
                        "lootRadius": 100.0,
                        "lootChance": 35.0
                    }
                },
                {
                    "Type": 9,
                    "Enabled": 1,
                    "script": "RangeEnemyAIScript",
                    "scriptInfo": {
                        "activationDistance": 1000.0,
                        "runSpeed": 400.0,
                        "maxAttackDistance": 800.0,
                        "minAttackDistance": 500.0,
                        "returnSpeed": 200.0,
                        "disengageDistance": 1200.0,
                        "attackDuration": 1.0,
                        "attackDamage": 20.0,
                        "numberOfProjectiles": 1,
                        "projectileDelay1": 0.10000000149011612,
                        "projectileDelay2": 1.0,
                        "projectileDelay3": 1.399999976158142,
                        "cooldownTime": 1.0
                    }
                },
                {
                    "Type": 9,
                    "Enabled": 1,
                    "script": "LootDropScript",
                    "scriptInfo": {
                        "NumberOfItems": 2,
                        "ItemPrefabName0": "Health Potion_animated",
                        "ItemPrefabName1": "Mana Potion_animated",
                        "animate": 0,
                        "animDuration": 0.800000011920929,
                        "animHigh": 200.0
                    }
                }
            ]
        },
        {
            "UID": 1212417385,
            "ParentUID": 3086097531,
            "Name": "Scene",
            "Tag": "Default",
            "Static": 0,
            "ActiveInHierarchy": 1,
            "ActiveSelf": 1,
            "isBoneRoot": 1,
            "baseState": [
                1.0,
                0.0,
                0.0,
                0.0,
                0.0,
                1.0,
                0.0,
                0.0,
                0.0,
                0.0,
                1.0,
                0.0,
                0.0,
                0.0,
                0.0,
                1.0
            ],
            "Navigable": 0,
            "No Walkable": 0,
            "openInHierarchy": 1,
            "isPrefab": 0,
            "isPrefabSync": 0,
            "prefabUID": 0,
            "Components": [
                {
                    "Type": 0,
                    "Enabled": 1,
                    "Position": [
                        0.0,
                        0.0,
                        0.0
                    ],
                    "Rotation": [
                        0.0,
                        0.0,
                        0.0,
                        1.0
                    ],
                    "Euler": [
                        -0.0,
                        0.0,
                        -0.0
                    ],
                    "Scale": [
                        1.0,
                        1.0,
                        1.0
                    ],
                    "Global": [
                        0.5430701971054077,
                        -0.0000040155177885026209,
                        0.839677631855011,
                        -4582.595703125,
                        0.0000017185403748953832,
                        1.0,
                        0.00000367065217687923,
                        349.910888671875,
                        -0.839677631855011,
                        -5.504110731635592e-7,
                        0.5430701971054077,
                        -2034.1268310546876,
                        0.0,
                        0.0,
                        0.0,
                        1.0
                    ]
                },
                {
                    "Type": 4,
                    "Enabled": 1,
                    "stateMachineUID": 18891358
                }
            ]
        },
        {
            "UID": 1959381094,
            "ParentUID": 1212417385,
            "Name": "joint1_$AssimpFbx$_Translation",
            "Tag": "Default",
            "Static": 0,
            "ActiveInHierarchy": 1,
            "ActiveSelf": 1,
            "isBoneRoot": 0,
            "baseState": [
                1.0,
                0.0,
                0.0,
                0.0,
                0.0,
                1.0,
                0.0,
                0.0,
                0.0,
                0.0,
                1.0,
                0.0,
                0.0,
                0.0,
                0.0,
                1.0
            ],
            "Navigable": 0,
            "No Walkable": 0,
            "openInHierarchy": 0,
            "isPrefab": 0,
            "isPrefabSync": 0,
            "prefabUID": 0,
            "Components": [
                {
                    "Type": 0,
                    "Enabled": 1,
                    "Position": [
                        -2.2959518432617189,
                        135.7368927001953,
                        -5.411640167236328
                    ],
                    "Rotation": [
                        0.0,
                        0.0,
                        0.0,
                        1.0
                    ],
                    "Euler": [
                        -0.0,
                        0.0,
                        -0.0
                    ],
                    "Scale": [
                        1.0,
                        1.0,
                        1.0
                    ],
                    "Global": [
                        0.5430701971054077,
                        -0.0000040155177885026209,
                        0.839677631855011,
                        -4588.38720703125,
                        0.0000017185403748953832,
                        1.0,
                        0.00000367065217687923,
                        485.64776611328127,
                        -0.839677631855011,
                        -5.504110731635592e-7,
                        0.5430701971054077,
                        -2035.137939453125,
                        0.0,
                        0.0,
                        0.0,
                        1.0
                    ]
                }
            ]
        },
        {
            "UID": 3119399157,
            "ParentUID": 1959381094,
            "Name": "joint1_$AssimpFbx$_PreRotation",
            "Tag": "Default",
            "Static": 0,
            "ActiveInHierarchy": 1,
            "ActiveSelf": 1,
            "isBoneRoot": 0,
            "baseState": [
                1.0,
                0.0,
                0.0,
                0.0,
                0.0,
                1.0,
                0.0,
                0.0,
                0.0,
                0.0,
                1.0,
                0.0,
                0.0,
                0.0,
                0.0,
                1.0
            ],
            "Navigable": 0,
            "No Walkable": 0,
            "openInHierarchy": 1,
            "isPrefab": 0,
            "isPrefabSync": 0,
            "prefabUID": 0,
            "Components": [
                {
                    "Type": 0,
                    "Enabled": 1,
                    "Position": [
                        0.0,
                        0.0,
                        0.0
                    ],
                    "Rotation": [
                        0.4552939832210541,
                        0.541024386882782,
                        0.4552939832210541,
                        0.541024386882782
                    ],
                    "Euler": [
                        80.16394805908203,
                        90.0,
                        0.0
                    ],
                    "Scale": [
                        0.9999999403953552,
                        0.9999999403953552,
                        1.0
                    ],
                    "Global": [
                        -0.143445685505867,
                        0.8273341059684753,
                        0.5430701971054077,
                        -4588.38720703125,
                        0.9852998852729797,
                        0.17083314061164857,
                        0.0000017185403748953832,
                        485.64776611328127,
                        -0.0927729681134224,
                        0.5350872278213501,
                        -0.839677631855011,
                        -2035.137939453125,
                        0.0,
                        0.0,
                        0.0,
                        1.0
                    ]
                }
            ]
        },
        {
            "UID": 1360217434,
            "ParentUID": 3119399157,
            "Name": "joint1_$AssimpFbx$_Rotation",
            "Tag": "Default",
            "Static": 0,
            "ActiveInHierarchy": 1,
            "ActiveSelf": 1,
            "isBoneRoot": 0,
            "baseState": [
                1.0,
                0.0,
                0.0,
                0.0,
                0.0,
                1.0,
                0.0,
                0.0,
                0.0,
                0.0,
                1.0,
                0.0,
                0.0,
                0.0,
                0.0,
                1.0
            ],
            "Navigable": 0,
            "No Walkable": 0,
            "openInHierarchy": 1,
            "isPrefab": 0,
            "isPrefabSync": 0,
            "prefabUID": 0,
            "Components": [
                {
                    "Type": 0,
                    "Enabled": 1,
                    "Position": [
                        0.0,
                        0.0,
                        0.0
                    ],
                    "Rotation": [
                        0.0,
                        0.0,
                        0.0,
                        1.0
                    ],
                    "Euler": [
                        -0.0,
                        0.0,
                        -0.0
                    ],
                    "Scale": [
                        1.0,
                        1.0,
                        1.0
                    ],
                    "Global": [
                        -0.143445685505867,
                        0.8273341059684753,
                        0.5430701971054077,
                        -4588.38720703125,
                        0.9852998852729797,
                        0.17083314061164857,
                        0.0000017185403748953832,
                        485.64776611328127,
                        -0.0927729681134224,
                        0.5350872278213501,
                        -0.839677631855011,
                        -2035.137939453125,
                        0.0,
                        0.0,
                        0.0,
                        1.0
                    ]
                }
            ]
        },
        {
            "UID": 3893316564,
            "ParentUID": 1360217434,
            "Name": "joint1_$AssimpFbx$_Scaling",
            "Tag": "Default",
            "Static": 0,
            "ActiveInHierarchy": 1,
            "ActiveSelf": 1,
            "isBoneRoot": 0,
            "baseState": [
                1.0,
                0.0,
                0.0,
                0.0,
                0.0,
                1.0,
                0.0,
                0.0,
                0.0,
                0.0,
                1.0,
                0.0,
                0.0,
                0.0,
                0.0,
                1.0
            ],
            "Navigable": 0,
            "No Walkable": 0,
            "openInHierarchy": 1,
            "isPrefab": 0,
            "isPrefabSync": 0,
            "prefabUID": 0,
            "Components": [
                {
                    "Type": 0,
                    "Enabled": 1,
                    "Position": [
                        0.0,
                        0.0,
                        0.0
                    ],
                    "Rotation": [
                        0.0,
                        0.0,
                        0.0,
                        1.0
                    ],
                    "Euler": [
                        -0.0,
                        0.0,
                        -0.0
                    ],
                    "Scale": [
                        1.0,
                        1.0,
                        1.0
                    ],
                    "Global": [
                        -0.143445685505867,
                        0.8273341059684753,
                        0.5430701971054077,
                        -4588.38720703125,
                        0.9852998852729797,
                        0.17083314061164857,
                        0.0000017185403748953832,
                        485.64776611328127,
                        -0.0927729681134224,
                        0.5350872278213501,
                        -0.839677631855011,
                        -2035.137939453125,
                        0.0,
                        0.0,
                        0.0,
                        1.0
                    ]
                }
            ]
        },
        {
            "UID": 218456742,
            "ParentUID": 3893316564,
            "Name": "joint1",
            "Tag": "Default",
            "Static": 0,
            "ActiveInHierarchy": 1,
            "ActiveSelf": 1,
            "isBoneRoot": 0,
            "baseState": [
                1.0,
                0.0,
                0.0,
                0.0,
                0.0,
                1.0,
                0.0,
                0.0,
                0.0,
                0.0,
                1.0,
                0.0,
                0.0,
                0.0,
                0.0,
                1.0
            ],
            "Navigable": 0,
            "No Walkable": 0,
            "openInHierarchy": 1,
            "isPrefab": 0,
            "isPrefabSync": 0,
            "prefabUID": 0,
            "Components": [
                {
                    "Type": 0,
                    "Enabled": 1,
                    "Position": [
                        0.0,
                        0.0,
                        0.0
                    ],
                    "Rotation": [
                        0.0,
                        0.0,
                        0.0,
                        1.0
                    ],
                    "Euler": [
                        -0.0,
                        0.0,
                        -0.0
                    ],
                    "Scale": [
                        1.0,
                        1.0,
                        1.0
                    ],
                    "Global": [
                        -0.143445685505867,
                        0.8273341059684753,
                        0.5430701971054077,
                        -4588.38720703125,
                        0.9852998852729797,
                        0.17083314061164857,
                        0.0000017185403748953832,
                        485.64776611328127,
                        -0.0927729681134224,
                        0.5350872278213501,
                        -0.839677631855011,
                        -2035.137939453125,
                        0.0,
                        0.0,
                        0.0,
                        1.0
                    ]
                }
            ]
        },
        {
            "UID": 3345972222,
            "ParentUID": 218456742,
            "Name": "joint19_$AssimpFbx$_Translation",
            "Tag": "Default",
            "Static": 0,
            "ActiveInHierarchy": 1,
            "ActiveSelf": 1,
            "isBoneRoot": 0,
            "baseState": [
                1.0,
                0.0,
                0.0,
                0.0,
                0.0,
                1.0,
                0.0,
                0.0,
                0.0,
                0.0,
                1.0,
                0.0,
                0.0,
                0.0,
                0.0,
                1.0
            ],
            "Navigable": 0,
            "No Walkable": 0,
            "openInHierarchy": 1,
            "isPrefab": 0,
            "isPrefabSync": 0,
            "prefabUID": 0,
            "Components": [
                {
                    "Type": 0,
                    "Enabled": 1,
                    "Position": [
                        -19.092594146728517,
                        3.049351453781128,
                        -21.38054847717285
                    ],
                    "Rotation": [
                        0.0,
                        0.0,
                        0.0,
                        1.0
                    ],
                    "Euler": [
                        -0.0,
                        0.0,
                        -0.0
                    ],
                    "Scale": [
                        1.0,
                        1.0,
                        1.0
                    ],
                    "Global": [
                        -0.143445685505867,
                        0.8273341059684753,
                        0.5430701971054077,
                        -4594.73681640625,
                        0.9852998852729797,
                        0.17083314061164857,
                        0.0000017185403748953832,
                        467.3567199707031,
                        -0.0927729681134224,
                        0.5350872278213501,
                        -0.839677631855011,
                        -2013.7822265625,
                        0.0,
                        0.0,
                        0.0,
                        1.0
                    ]
                }
            ]
        },
        {
            "UID": 4234533148,
            "ParentUID": 3345972222,
            "Name": "joint19_$AssimpFbx$_PreRotation",
            "Tag": "Default",
            "Static": 0,
            "ActiveInHierarchy": 1,
            "ActiveSelf": 1,
            "isBoneRoot": 0,
            "baseState": [
                1.0,
                0.0,
                0.0,
                0.0,
                0.0,
                1.0,
                0.0,
                0.0,
                0.0,
                0.0,
                1.0,
                0.0,
                0.0,
                0.0,
                0.0,
                1.0
            ],
            "Navigable": 0,
            "No Walkable": 0,
            "openInHierarchy": 0,
            "isPrefab": 0,
            "isPrefabSync": 0,
            "prefabUID": 0,
            "Components": [
                {
                    "Type": 0,
                    "Enabled": 1,
                    "Position": [
                        0.0,
                        0.0,
                        0.0
                    ],
                    "Rotation": [
                        -0.26317155361175539,
                        0.0015788862947374583,
                        0.11776045709848404,
                        0.9575337171554565
                    ],
                    "Euler": [
                        -30.347415924072267,
                        -3.3800466060638429,
                        13.10549259185791
                    ],
                    "Scale": [
                        0.9999999403953552,
                        1.0,
                        1.0
                    ],
                    "Global": [
                        0.011122841387987137,
                        0.448755145072937,
                        0.8935763835906982,
                        -4594.73681640625,
                        0.9963515996932983,
                        -0.08059221506118775,
                        0.028071383014321328,
                        467.3567199707031,
                        0.08461247384548187,
                        0.8900041580200195,
                        -0.4480144679546356,
                        -2013.7822265625,
                        0.0,
                        0.0,
                        0.0,
                        1.0
                    ]
                }
            ]
        },
        {
            "UID": 1385041225,
            "ParentUID": 4234533148,
            "Name": "joint19_$AssimpFbx$_Rotation",
            "Tag": "Default",
            "Static": 0,
            "ActiveInHierarchy": 1,
            "ActiveSelf": 1,
            "isBoneRoot": 0,
            "baseState": [
                1.0,
                0.0,
                0.0,
                0.0,
                0.0,
                1.0,
                0.0,
                0.0,
                0.0,
                0.0,
                1.0,
                0.0,
                0.0,
                0.0,
                0.0,
                1.0
            ],
            "Navigable": 0,
            "No Walkable": 0,
            "openInHierarchy": 1,
            "isPrefab": 0,
            "isPrefabSync": 0,
            "prefabUID": 0,
            "Components": [
                {
                    "Type": 0,
                    "Enabled": 1,
                    "Position": [
                        0.0,
                        0.0,
                        0.0
                    ],
                    "Rotation": [
                        -0.023206425830721856,
                        -0.024497846141457559,
                        0.04264898598194122,
                        0.9985201358795166
                    ],
                    "Euler": [
                        -2.539721965789795,
                        -2.9177677631378176,
                        4.826791763305664
                    ],
                    "Scale": [
                        1.0,
                        1.0,
                        1.0
                    ],
                    "Global": [
                        0.09174832701683045,
                        0.40242528915405276,
                        0.9108346104621887,
                        -4594.73681640625,
                        0.9858930706977844,
                        -0.16529996693134309,
                        -0.026276053860783578,
                        467.3567199707031,
                        0.1399867832660675,
                        0.900396466255188,
                        -0.4119144380092621,
                        -2013.7822265625,
                        0.0,
                        0.0,
                        0.0,
                        1.0
                    ]
                }
            ]
        },
        {
            "UID": 1383023521,
            "ParentUID": 1385041225,
            "Name": "joint19_$AssimpFbx$_Scaling",
            "Tag": "Default",
            "Static": 0,
            "ActiveInHierarchy": 1,
            "ActiveSelf": 1,
            "isBoneRoot": 0,
            "baseState": [
                1.0,
                0.0,
                0.0,
                0.0,
                0.0,
                1.0,
                0.0,
                0.0,
                0.0,
                0.0,
                1.0,
                0.0,
                0.0,
                0.0,
                0.0,
                1.0
            ],
            "Navigable": 0,
            "No Walkable": 0,
            "openInHierarchy": 0,
            "isPrefab": 0,
            "isPrefabSync": 0,
            "prefabUID": 0,
            "Components": [
                {
                    "Type": 0,
                    "Enabled": 1,
                    "Position": [
                        0.0,
                        0.0,
                        0.0
                    ],
                    "Rotation": [
                        0.0,
                        0.0,
                        0.0,
                        1.0
                    ],
                    "Euler": [
                        -0.0,
                        0.0,
                        -0.0
                    ],
                    "Scale": [
                        1.0,
                        1.0,
                        1.0
                    ],
                    "Global": [
                        0.09174832701683045,
                        0.40242528915405276,
                        0.9108346104621887,
                        -4594.73681640625,
                        0.9858930706977844,
                        -0.16529996693134309,
                        -0.026276053860783578,
                        467.3567199707031,
                        0.1399867832660675,
                        0.900396466255188,
                        -0.4119144380092621,
                        -2013.7822265625,
                        0.0,
                        0.0,
                        0.0,
                        1.0
                    ]
                }
            ]
        },
        {
            "UID": 675217858,
            "ParentUID": 1383023521,
            "Name": "joint19",
            "Tag": "Default",
            "Static": 0,
            "ActiveInHierarchy": 1,
            "ActiveSelf": 1,
            "isBoneRoot": 0,
            "baseState": [
                1.0,
                0.0,
                0.0,
                0.0,
                0.0,
                1.0,
                0.0,
                0.0,
                0.0,
                0.0,
                1.0,
                0.0,
                0.0,
                0.0,
                0.0,
                1.0
            ],
            "Navigable": 0,
            "No Walkable": 0,
            "openInHierarchy": 1,
            "isPrefab": 0,
            "isPrefabSync": 0,
            "prefabUID": 0,
            "Components": [
                {
                    "Type": 0,
                    "Enabled": 1,
                    "Position": [
                        0.0,
                        0.0,
                        0.0
                    ],
                    "Rotation": [
                        0.0,
                        0.0,
                        0.0,
                        1.0
                    ],
                    "Euler": [
                        -0.0,
                        0.0,
                        -0.0
                    ],
                    "Scale": [
                        1.0,
                        1.0,
                        1.0
                    ],
                    "Global": [
                        0.09174832701683045,
                        0.40242528915405276,
                        0.9108346104621887,
                        -4594.73681640625,
                        0.9858930706977844,
                        -0.16529996693134309,
                        -0.026276053860783578,
                        467.3567199707031,
                        0.1399867832660675,
                        0.900396466255188,
                        -0.4119144380092621,
                        -2013.7822265625,
                        0.0,
                        0.0,
                        0.0,
                        1.0
                    ]
                }
            ]
        },
        {
            "UID": 1089357458,
            "ParentUID": 675217858,
            "Name": "joint20_$AssimpFbx$_Translation",
            "Tag": "Default",
            "Static": 0,
            "ActiveInHierarchy": 1,
            "ActiveSelf": 1,
            "isBoneRoot": 0,
            "baseState": [
                1.0,
                0.0,
                0.0,
                0.0,
                0.0,
                1.0,
                0.0,
                0.0,
                0.0,
                0.0,
                1.0,
                0.0,
                0.0,
                0.0,
                0.0,
                1.0
            ],
            "Navigable": 0,
            "No Walkable": 0,
            "openInHierarchy": 1,
            "isPrefab": 0,
            "isPrefabSync": 0,
            "prefabUID": 0,
            "Components": [
                {
                    "Type": 0,
                    "Enabled": 1,
                    "Position": [
                        -47.73195266723633,
                        7.631657600402832,
                        1.755804419517517
                    ],
                    "Rotation": [
                        0.0,
                        0.0,
                        0.0,
                        1.0
                    ],
                    "Euler": [
                        -0.0,
                        0.0,
                        -0.0
                    ],
                    "Scale": [
                        1.0,
                        1.0,
                        1.0
                    ],
                    "Global": [
                        0.09174832701683045,
                        0.40242528915405276,
                        0.9108346104621887,
                        -4594.44580078125,
                        0.9858930706977844,
                        -0.16529996693134309,
                        -0.026276053860783578,
                        418.990478515625,
                        0.1399867832660675,
                        0.900396466255188,
                        -0.4119144380092621,
                        -2014.3157958984376,
                        0.0,
                        0.0,
                        0.0,
                        1.0
                    ]
                }
            ]
        },
        {
            "UID": 1329647558,
            "ParentUID": 1089357458,
            "Name": "joint20_$AssimpFbx$_PreRotation",
            "Tag": "Default",
            "Static": 0,
            "ActiveInHierarchy": 1,
            "ActiveSelf": 1,
            "isBoneRoot": 0,
            "baseState": [
                1.0,
                0.0,
                0.0,
                0.0,
                0.0,
                1.0,
                0.0,
                0.0,
                0.0,
                0.0,
                1.0,
                0.0,
                0.0,
                0.0,
                0.0,
                1.0
            ],
            "Navigable": 0,
            "No Walkable": 0,
            "openInHierarchy": 1,
            "isPrefab": 0,
            "isPrefabSync": 0,
            "prefabUID": 0,
            "Components": [
                {
                    "Type": 0,
                    "Enabled": 1,
                    "Position": [
                        0.0,
                        0.0,
                        0.0
                    ],
                    "Rotation": [
                        0.0003492314135655761,
                        0.008277695626020432,
                        -0.04246915504336357,
                        0.9990634322166443
                    ],
                    "Euler": [
                        0.0802767425775528,
                        0.94600909948349,
                        -4.868900299072266
                    ],
                    "Scale": [
                        0.9999999403953552,
                        0.9999999403953552,
                        1.0
                    ],
                    "Global": [
                        0.042165689170360568,
                        0.4087548553943634,
                        0.9116606116294861,
                        -4594.44580078125,
                        0.9966630935668945,
                        -0.08103614300489426,
                        -0.009763563051819802,
                        418.990478515625,
                        0.06988654285669327,
                        0.9090303778648377,
                        -0.4108080565929413,
                        -2014.3157958984376,
                        0.0,
                        0.0,
                        0.0,
                        1.0
                    ]
                }
            ]
        },
        {
            "UID": 1323460024,
            "ParentUID": 1329647558,
            "Name": "joint20_$AssimpFbx$_Rotation",
            "Tag": "Default",
            "Static": 0,
            "ActiveInHierarchy": 1,
            "ActiveSelf": 1,
            "isBoneRoot": 0,
            "baseState": [
                1.0,
                0.0,
                0.0,
                0.0,
                0.0,
                1.0,
                0.0,
                0.0,
                0.0,
                0.0,
                1.0,
                0.0,
                0.0,
                0.0,
                0.0,
                1.0
            ],
            "Navigable": 0,
            "No Walkable": 0,
            "openInHierarchy": 1,
            "isPrefab": 0,
            "isPrefabSync": 0,
            "prefabUID": 0,
            "Components": [
                {
                    "Type": 0,
                    "Enabled": 1,
                    "Position": [
                        0.0,
                        0.0,
                        0.0
                    ],
                    "Rotation": [
                        0.006348372437059879,
                        0.051542412489652637,
                        -0.08090979605913162,
                        0.9953676462173462
                    ],
                    "Euler": [
                        1.208318829536438,
                        5.830161094665527,
                        -9.355826377868653
                    ],
                    "Scale": [
                        1.0,
                        0.9999999403953552,
                        0.9999999403953552
                    ],
                    "Global": [
                        -0.11866063624620438,
                        0.414107084274292,
                        0.9024512767791748,
                        -4594.44580078125,
                        0.9923297762870789,
                        0.08117415755987168,
                        0.09323015064001084,
                        418.990478515625,
                        -0.03464849665760994,
                        0.9065923094749451,
                        -0.4205632209777832,
                        -2014.3157958984376,
                        0.0,
                        0.0,
                        0.0,
                        1.0
                    ]
                }
            ]
        },
        {
            "UID": 3082567998,
            "ParentUID": 1323460024,
            "Name": "joint20_$AssimpFbx$_Scaling",
            "Tag": "Default",
            "Static": 0,
            "ActiveInHierarchy": 1,
            "ActiveSelf": 1,
            "isBoneRoot": 0,
            "baseState": [
                1.0,
                0.0,
                0.0,
                0.0,
                0.0,
                1.0,
                0.0,
                0.0,
                0.0,
                0.0,
                1.0,
                0.0,
                0.0,
                0.0,
                0.0,
                1.0
            ],
            "Navigable": 0,
            "No Walkable": 0,
            "openInHierarchy": 1,
            "isPrefab": 0,
            "isPrefabSync": 0,
            "prefabUID": 0,
            "Components": [
                {
                    "Type": 0,
                    "Enabled": 1,
                    "Position": [
                        0.0,
                        0.0,
                        0.0
                    ],
                    "Rotation": [
                        0.0,
                        0.0,
                        0.0,
                        1.0
                    ],
                    "Euler": [
                        -0.0,
                        0.0,
                        -0.0
                    ],
                    "Scale": [
                        1.0,
                        1.0,
                        1.0
                    ],
                    "Global": [
                        -0.11866063624620438,
                        0.414107084274292,
                        0.9024512767791748,
                        -4594.44580078125,
                        0.9923297762870789,
                        0.08117415755987168,
                        0.09323015064001084,
                        418.990478515625,
                        -0.03464849665760994,
                        0.9065923094749451,
                        -0.4205632209777832,
                        -2014.3157958984376,
                        0.0,
