{
    "GameObjects": [
        {
            "UID": 1440010997,
            "ParentUID": 3249860869,
            "Name": "BasicEnemy1",
            "Tag": "Default",
            "Static": 0,
            "ActiveInHierarchy": 1,
            "ActiveSelf": 1,
            "isBoneRoot": 0,
            "baseState": [
                1.0,
                0.0,
                0.0,
                0.0,
                0.0,
                1.0,
                0.0,
                0.0,
                0.0,
                0.0,
                1.0,
                0.0,
                0.0,
                0.0,
                0.0,
                1.0
            ],
            "Navigable": 0,
            "No Walkable": 0,
            "openInHierarchy": 0,
            "isPrefab": 1,
            "isPrefabSync": 1,
            "prefabUID": 2319626357,
            "prefabTimeStamp": 1571779460,
            "Components": [
                {
                    "Type": 0,
                    "Enabled": 1,
                    "Position": [
                        -1668.897705078125,
                        351.76214599609377,
                        970.3844604492188
                    ],
                    "Rotation": [
                        -0.000013444817341223825,
                        0.43416011333465578,
                        -0.000005751492608396802,
                        0.9008356928825378
                    ],
                    "Euler": [
                        -0.0017684161430224777,
                        51.46372604370117,
                        0.0001206693341373466
                    ],
                    "Scale": [
                        1.0000481605529786,
                        1.0,
                        1.0000481605529786
                    ],
                    "Global": [
                        0.6230399012565613,
                        -0.0000013121070878696628,
                        0.7822515964508057,
                        -1668.897705078125,
                        -0.000022037771486793646,
                        1.0,
                        0.000019229930330766366,
                        351.76214599609377,
                        -0.7822515964508057,
                        -0.000029217282644822263,
                        0.6230399012565613,
                        970.3844604492188,
                        0.0,
                        0.0,
                        0.0,
                        1.0
                    ]
                },
                {
                    "Type": 15,
                    "Enabled": 1,
                    "pos": [
                        0.0,
                        120.0,
                        0.0
                    ],
                    "r": [
                        50.0,
                        100.0,
                        30.0
                    ],
                    "boxType": 3,
                    "debug_draw": 1
                },
                {
                    "Type": 9,
                    "Enabled": 1,
                    "script": "EnemyControllerScript",
                    "scriptInfo": {
                        "type": 0,
                        "level": 3,
                        "playerTag": "Player",
                        "health": 2,
                        "experience": 20,
                        "enemyCursor": "RedGlow.cur",
                        "lootDelay": 1.0,
                        "lootRadius": 100.0
                    }
                },
                {
                    "Type": 9,
                    "Enabled": 1,
                    "script": "BasicEnemyAIScript",
                    "scriptInfo": {
                        "activationDistance": 1000.0,
                        "chaseSpeed": 200.0,
                        "returnSpeed": 150.0,
                        "returnDistance": 1500.0,
                        "attackDuration": 1.0,
                        "attackDamage": 20.0,
                        "attackRange": 100.0,
                        "cooldownTime": 1.0
                    }
                }
            ]
        },
        {
            "UID": 3237651563,
            "ParentUID": 1440010997,
            "Name": "Scene",
            "Tag": "Default",
            "Static": 0,
            "ActiveInHierarchy": 1,
            "ActiveSelf": 1,
            "isBoneRoot": 1,
            "baseState": [
                1.0,
                0.0,
                0.0,
                0.0,
                0.0,
                1.0,
                0.0,
                0.0,
                0.0,
                0.0,
                1.0,
                0.0,
                0.0,
                0.0,
                0.0,
                1.0
            ],
            "Navigable": 0,
            "No Walkable": 0,
            "openInHierarchy": 1,
            "isPrefab": 0,
            "isPrefabSync": 0,
            "prefabUID": 0,
            "Components": [
                {
                    "Type": 0,
                    "Enabled": 1,
                    "Position": [
                        0.0,
                        0.0,
                        0.0
                    ],
                    "Rotation": [
                        0.0,
                        0.0,
                        0.0,
                        1.0
                    ],
                    "Euler": [
                        -0.0,
                        0.0,
                        -0.0
                    ],
                    "Scale": [
                        1.0,
                        1.0,
                        1.0
                    ],
                    "Global": [
                        0.6230399012565613,
                        -0.0000013121070878696628,
                        0.7822515964508057,
                        -1668.897705078125,
                        -0.000022037771486793646,
                        1.0,
                        0.000019229930330766366,
                        351.76214599609377,
                        -0.7822515964508057,
                        -0.000029217282644822263,
                        0.6230399012565613,
                        970.3844604492188,
                        0.0,
                        0.0,
                        0.0,
                        1.0
                    ]
                },
                {
                    "Type": 4,
                    "Enabled": 1,
                    "stateMachineUID": 418487297
                }
            ]
        },
        {
            "UID": 4050678140,
            "ParentUID": 3237651563,
            "Name": "joint1_$AssimpFbx$_Translation",
            "Tag": "Default",
            "Static": 0,
            "ActiveInHierarchy": 1,
            "ActiveSelf": 1,
            "isBoneRoot": 0,
            "baseState": [
                1.0,
                0.0,
                0.0,
                0.0,
                0.0,
                1.0,
                0.0,
                0.0,
                0.0,
                0.0,
                1.0,
                0.0,
                0.0,
                0.0,
                0.0,
                1.0
            ],
            "Navigable": 0,
            "No Walkable": 0,
            "openInHierarchy": 0,
            "isPrefab": 0,
            "isPrefabSync": 0,
            "prefabUID": 0,
            "Components": [
                {
                    "Type": 0,
                    "Enabled": 1,
                    "Position": [
                        0.0,
                        80.29695892333985,
                        -0.9262917041778565
                    ],
                    "Rotation": [
                        0.0,
                        0.0,
                        0.0,
                        1.0
                    ],
                    "Euler": [
                        -0.0,
                        0.0,
                        -0.0
                    ],
                    "Scale": [
                        1.0,
                        1.0,
                        1.0
                    ],
                    "Global": [
                        0.6230399012565613,
                        -0.0000013121070878696628,
                        0.7822515964508057,
                        -1669.6224365234376,
                        -0.000022037771486793646,
                        1.0,
                        0.000019229930330766366,
                        432.05908203125,
                        -0.7822515964508057,
                        -0.000029217282644822263,
                        0.6230399012565613,
                        969.8049926757813,
                        0.0,
                        0.0,
                        0.0,
                        1.0
                    ]
                }
            ]
        },
        {
            "UID": 252302380,
            "ParentUID": 4050678140,
            "Name": "joint1_$AssimpFbx$_PreRotation",
            "Tag": "Default",
            "Static": 0,
            "ActiveInHierarchy": 1,
            "ActiveSelf": 1,
            "isBoneRoot": 0,
            "baseState": [
                1.0,
                0.0,
                0.0,
                0.0,
                0.0,
                1.0,
                0.0,
                0.0,
                0.0,
                0.0,
                1.0,
                0.0,
                0.0,
                0.0,
                0.0,
                1.0
            ],
            "Navigable": 0,
            "No Walkable": 0,
            "openInHierarchy": 1,
            "isPrefab": 0,
            "isPrefabSync": 0,
            "prefabUID": 0,
            "Components": [
                {
                    "Type": 0,
                    "Enabled": 1,
                    "Position": [
                        0.0,
                        0.0,
                        0.0
                    ],
                    "Rotation": [
                        0.3336539566516876,
                        0.6234381198883057,
                        0.3336539566516876,
                        0.6234381198883057
                    ],
                    "Euler": [
                        56.309932708740237,
                        90.0,
                        0.0
                    ],
                    "Scale": [
                        1.0,
                        1.0,
                        1.0
                    ],
                    "Global": [
                        -0.4339163303375244,
                        0.6508720517158508,
                        0.6230398416519165,
                        -1669.6224365234376,
                        0.8320397138595581,
                        0.5547161102294922,
                        -0.000022037775124772453,
                        432.05908203125,
                        -0.3456246256828308,
                        0.5183843970298767,
                        -0.78225177526474,
                        969.8049926757813,
                        0.0,
                        0.0,
                        0.0,
                        1.0
                    ]
                }
            ]
        },
        {
            "UID": 3612369671,
            "ParentUID": 252302380,
            "Name": "joint1_$AssimpFbx$_Rotation",
            "Tag": "Default",
            "Static": 0,
            "ActiveInHierarchy": 1,
            "ActiveSelf": 1,
            "isBoneRoot": 0,
            "baseState": [
                1.0,
                0.0,
                0.0,
                0.0,
                0.0,
                1.0,
                0.0,
                0.0,
                0.0,
                0.0,
                1.0,
                0.0,
                0.0,
                0.0,
                0.0,
                1.0
            ],
            "Navigable": 0,
            "No Walkable": 0,
            "openInHierarchy": 1,
            "isPrefab": 0,
            "isPrefabSync": 0,
            "prefabUID": 0,
            "Components": [
                {
                    "Type": 0,
                    "Enabled": 1,
                    "Position": [
                        0.0,
                        0.0,
                        0.0
                    ],
                    "Rotation": [
                        0.0,
                        0.0,
                        0.0,
                        1.0
                    ],
                    "Euler": [
                        -0.0,
                        0.0,
                        -0.0
                    ],
                    "Scale": [
                        1.0,
                        1.0,
                        1.0
                    ],
                    "Global": [
                        -0.4339163303375244,
                        0.6508720517158508,
                        0.6230398416519165,
                        -1669.6224365234376,
                        0.8320397138595581,
                        0.5547161102294922,
                        -0.000022037775124772453,
                        432.05908203125,
                        -0.3456246256828308,
                        0.5183843970298767,
                        -0.78225177526474,
                        969.8049926757813,
                        0.0,
                        0.0,
                        0.0,
                        1.0
                    ]
                }
            ]
        },
        {
            "UID": 3641340039,
            "ParentUID": 3612369671,
            "Name": "joint1",
            "Tag": "Default",
            "Static": 0,
            "ActiveInHierarchy": 1,
            "ActiveSelf": 1,
            "isBoneRoot": 0,
            "baseState": [
                1.0,
                0.0,
                0.0,
                0.0,
                0.0,
                1.0,
                0.0,
                0.0,
                0.0,
                0.0,
                1.0,
                0.0,
                0.0,
                0.0,
                0.0,
                1.0
            ],
            "Navigable": 0,
            "No Walkable": 0,
            "openInHierarchy": 1,
            "isPrefab": 0,
            "isPrefabSync": 0,
            "prefabUID": 0,
            "Components": [
                {
                    "Type": 0,
                    "Enabled": 1,
                    "Position": [
                        0.0,
                        0.0,
                        0.0
                    ],
                    "Rotation": [
                        0.0,
                        0.0,
                        0.0,
                        1.0
                    ],
                    "Euler": [
                        -0.0,
                        0.0,
                        -0.0
                    ],
                    "Scale": [
                        1.0,
                        1.0,
                        1.0
                    ],
                    "Global": [
                        -0.4339163303375244,
                        0.6508720517158508,
                        0.6230398416519165,
                        -1669.6224365234376,
                        0.8320397138595581,
                        0.5547161102294922,
                        -0.000022037775124772453,
                        432.05908203125,
                        -0.3456246256828308,
                        0.5183843970298767,
                        -0.78225177526474,
                        969.8049926757813,
                        0.0,
                        0.0,
                        0.0,
                        1.0
                    ]
                }
            ]
        },
        {
            "UID": 844339682,
            "ParentUID": 3641340039,
            "Name": "joint20_$AssimpFbx$_Translation",
            "Tag": "Default",
            "Static": 0,
            "ActiveInHierarchy": 1,
            "ActiveSelf": 1,
            "isBoneRoot": 0,
            "baseState": [
                1.0,
                0.0,
                0.0,
                0.0,
                0.0,
                1.0,
                0.0,
                0.0,
                0.0,
                0.0,
                1.0,
                0.0,
                0.0,
                0.0,
                0.0,
                1.0
            ],
            "Navigable": 0,
            "No Walkable": 0,
            "openInHierarchy": 0,
            "isPrefab": 0,
            "isPrefabSync": 0,
            "prefabUID": 0,
            "Components": [
                {
                    "Type": 0,
                    "Enabled": 1,
                    "Position": [
                        -8.145440101623536,
                        -4.3170294761657719,
                        -16.304399490356447
                    ],
                    "Rotation": [
                        0.0,
                        0.0,
                        0.0,
                        1.0
                    ],
                    "Euler": [
                        -0.0,
                        0.0,
                        -0.0
                    ],
                    "Scale": [
                        1.0,
                        1.0,
                        1.0
                    ],
                    "Global": [
                        -0.4339163303375244,
                        0.6508720517158508,
                        0.6230398416519165,
                        -1679.05615234375,
                        0.8320397138595581,
                        0.5547161102294922,
                        -0.000022037775124772453,
                        422.88739013671877,
                        -0.3456246256828308,
                        0.5183843970298767,
                        -0.78225177526474,
                        983.1365356445313,
                        0.0,
                        0.0,
                        0.0,
                        1.0
                    ]
                }
            ]
        },
        {
            "UID": 100349410,
            "ParentUID": 844339682,
            "Name": "joint20_$AssimpFbx$_PreRotation",
            "Tag": "Default",
            "Static": 0,
            "ActiveInHierarchy": 1,
            "ActiveSelf": 1,
            "isBoneRoot": 0,
            "baseState": [
                1.0,
                0.0,
                0.0,
                0.0,
                0.0,
                1.0,
                0.0,
                0.0,
                0.0,
                0.0,
                1.0,
                0.0,
                0.0,
                0.0,
                0.0,
                1.0
            ],
            "Navigable": 0,
            "No Walkable": 0,
            "openInHierarchy": 1,
            "isPrefab": 0,
            "isPrefabSync": 0,
            "prefabUID": 0,
            "Components": [
                {
                    "Type": 0,
                    "Enabled": 1,
                    "Position": [
                        0.0,
                        0.0,
                        0.0
                    ],
                    "Rotation": [
                        0.9570669531822205,
                        0.2897765338420868,
                        -0.0069349161349236969,
                        0.0020996779203414919
                    ],
                    "Euler": [
                        179.53939819335938,
                        -0.6908596158027649,
                        -33.69284439086914
                    ],
                    "Scale": [
                        0.9999999403953552,
                        1.0,
                        0.9999999403953552
                    ],
                    "Global": [
                        -0.009029985405504704,
                        -0.7822520136833191,
                        -0.6229744553565979,
                        -1679.05615234375,
                        0.9998952746391296,
                        -0.000019192693798686379,
                        -0.014469197019934655,
                        422.88739013671877,
                        0.011306614615023137,
                        -0.6230400204658508,
                        0.7821702361106873,
                        983.1365356445313,
                        0.0,
                        0.0,
                        0.0,
                        1.0
                    ]
                }
            ]
        },
        {
            "UID": 2611958138,
            "ParentUID": 100349410,
            "Name": "joint20_$AssimpFbx$_Rotation",
            "Tag": "Default",
            "Static": 0,
            "ActiveInHierarchy": 1,
            "ActiveSelf": 1,
            "isBoneRoot": 0,
            "baseState": [
                1.0,
                0.0,
                0.0,
                0.0,
                0.0,
                1.0,
                0.0,
                0.0,
                0.0,
                0.0,
                1.0,
                0.0,
                0.0,
                0.0,
                0.0,
                1.0
            ],
            "Navigable": 0,
            "No Walkable": 0,
            "openInHierarchy": 1,
            "isPrefab": 0,
            "isPrefabSync": 0,
            "prefabUID": 0,
            "Components": [
                {
                    "Type": 0,
                    "Enabled": 1,
                    "Position": [
                        0.0,
                        0.0,
                        0.0
                    ],
                    "Rotation": [
                        -0.15156787633895875,
                        -0.031508222222328189,
                        0.19877853989601136,
                        0.9677404165267944
                    ],
                    "Euler": [
                        -16.434404373168947,
                        -6.96369743347168,
                        22.207935333251954
                    ],
                    "Scale": [
                        0.9999999403953552,
                        1.0,
                        1.0
                    ],
                    "Global": [
                        -0.3171800673007965,
                        -0.49054765701293948,
                        -0.8116999268531799,
                        -1679.05615234375,
                        0.9188742637634277,
                        -0.37073245644569399,
                        -0.1350088119506836,
                        422.88739013671877,
                        -0.23469522595405579,
                        -0.7886724472045898,
                        0.5683404803276062,
                        983.1365356445313,
                        0.0,
                        0.0,
                        0.0,
                        1.0
                    ]
                }
            ]
        },
        {
            "UID": 2760574532,
            "ParentUID": 2611958138,
            "Name": "joint20",
            "Tag": "Default",
            "Static": 0,
            "ActiveInHierarchy": 1,
            "ActiveSelf": 1,
            "isBoneRoot": 0,
            "baseState": [
                1.0,
                0.0,
                0.0,
                0.0,
                0.0,
                1.0,
                0.0,
                0.0,
                0.0,
                0.0,
                1.0,
                0.0,
                0.0,
                0.0,
                0.0,
                1.0
            ],
            "Navigable": 0,
            "No Walkable": 0,
            "openInHierarchy": 1,
            "isPrefab": 0,
            "isPrefabSync": 0,
            "prefabUID": 0,
            "Components": [
                {
                    "Type": 0,
                    "Enabled": 1,
                    "Position": [
                        0.0,
                        0.0,
                        0.0
                    ],
                    "Rotation": [
                        0.0,
                        0.0,
                        0.0,
                        1.0
                    ],
                    "Euler": [
                        -0.0,
                        0.0,
                        -0.0
                    ],
                    "Scale": [
                        1.0,
                        1.0,
                        1.0
                    ],
                    "Global": [
                        -0.3171800673007965,
                        -0.49054765701293948,
                        -0.8116999268531799,
                        -1679.05615234375,
                        0.9188742637634277,
                        -0.37073245644569399,
                        -0.1350088119506836,
                        422.88739013671877,
                        -0.23469522595405579,
                        -0.7886724472045898,
                        0.5683404803276062,
                        983.1365356445313,
                        0.0,
                        0.0,
                        0.0,
                        1.0
                    ]
                }
            ]
        },
        {
            "UID": 1767239505,
            "ParentUID": 2760574532,
            "Name": "joint21_$AssimpFbx$_Translation",
            "Tag": "Default",
            "Static": 0,
            "ActiveInHierarchy": 1,
            "ActiveSelf": 1,
            "isBoneRoot": 0,
            "baseState": [
                1.0,
                0.0,
                0.0,
                0.0,
                0.0,
                1.0,
                0.0,
                0.0,
                0.0,
                0.0,
                1.0,
                0.0,
                0.0,
                0.0,
                0.0,
                1.0
            ],
            "Navigable": 0,
            "No Walkable": 0,
            "openInHierarchy": 1,
            "isPrefab": 0,
            "isPrefabSync": 0,
            "prefabUID": 0,
            "Components": [
                {
                    "Type": 0,
                    "Enabled": 1,
                    "Position": [
                        -27.607698440551759,
                        -9.2376947359433e-15,
                        -0.000030431587219936774
                    ],
                    "Rotation": [
                        0.0,
                        0.0,
                        0.0,
                        1.0
                    ],
                    "Euler": [
                        -0.0,
                        0.0,
                        -0.0
                    ],
                    "Scale": [
                        1.0,
                        1.0,
                        1.0
                    ],
                    "Global": [
                        -0.3171800673007965,
                        -0.49054765701293948,
                        -0.8116999268531799,
                        -1670.299560546875,
                        0.9188742637634277,
                        -0.37073245644569399,
                        -0.1350088119506836,
                        397.5193786621094,
                        -0.23469522595405579,
                        -0.7886724472045898,
                        0.5683404803276062,
                        989.6159057617188,
                        0.0,
                        0.0,
                        0.0,
                        1.0
                    ]
                }
            ]
        },
        {
            "UID": 1745531996,
            "ParentUID": 1767239505,
            "Name": "joint21_$AssimpFbx$_PreRotation",
            "Tag": "Default",
            "Static": 0,
            "ActiveInHierarchy": 1,
            "ActiveSelf": 1,
            "isBoneRoot": 0,
            "baseState": [
                1.0,
                0.0,
                0.0,
                0.0,
                0.0,
                1.0,
                0.0,
                0.0,
                0.0,
                0.0,
                1.0,
                0.0,
                0.0,
                0.0,
                0.0,
                1.0
            ],
            "Navigable": 0,
            "No Walkable": 0,
            "openInHierarchy": 1,
            "isPrefab": 0,
            "isPrefabSync": 0,
            "prefabUID": 0,
            "Components": [
                {
                    "Type": 0,
                    "Enabled": 1,
                    "Position": [
                        0.0,
                        0.0,
                        0.0
                    ],
                    "Rotation": [
                        -0.0001700803986750543,
                        0.007243810221552849,
                        -0.02347232773900032,
                        0.999698281288147
                    ],
                    "Euler": [
                        -0.0,
                        0.8303155303001404,
                        -2.6900484561920168
                    ],
                    "Scale": [
                        0.9999999403953552,
                        0.9999999403953552,
                        0.9999999403953552
                    ],
                    "Global": [
                        -0.2820248305797577,
                        -0.5043396353721619,
                        -0.8162109851837158,
                        -1670.299560546875,
                        0.9371191263198853,
                        -0.3271111249923706,
                        -0.12167900800704956,
                        397.5193786621094,
                        -0.20562411844730378,
                        -0.799203634262085,
                        0.5648797154426575,
                        989.6159057617188,
                        0.0,
                        0.0,
                        0.0,
                        1.0
                    ]
                }
            ]
        },
        {
            "UID": 3918494390,
            "ParentUID": 1745531996,
            "Name": "joint21_$AssimpFbx$_Rotation",
            "Tag": "Default",
            "Static": 0,
            "ActiveInHierarchy": 1,
            "ActiveSelf": 1,
            "isBoneRoot": 0,
            "baseState": [
                1.0,
                0.0,
                0.0,
                0.0,
                0.0,
                1.0,
                0.0,
                0.0,
                0.0,
                0.0,
                1.0,
                0.0,
                0.0,
                0.0,
                0.0,
                1.0
            ],
            "Navigable": 0,
            "No Walkable": 0,
            "openInHierarchy": 1,
            "isPrefab": 0,
            "isPrefabSync": 0,
            "prefabUID": 0,
            "Components": [
                {
                    "Type": 0,
                    "Enabled": 1,
                    "Position": [
                        0.0,
                        0.0,
                        0.0
                    ],
                    "Rotation": [
                        0.04028213396668434,
                        0.1052226722240448,
                        -0.3552475869655609,
                        0.9279572367668152
                    ],
                    "Euler": [
                        8.722052574157715,
                        9.593914031982422,
                        -42.62979507446289
                    ],
                    "Scale": [
                        1.0,
                        1.0,
                        1.0
                    ],
                    "Global": [
                        0.3063974380493164,
                        -0.5637390613555908,
                        -0.7670826315879822,
                        -1670.299560546875,
                        0.9199763536453247,
                        0.3823091983795166,
                        0.08650411665439606,
                        397.5193786621094,
                        0.2444971352815628,
                        -0.7322026491165161,
                        0.6357651948928833,
                        989.6159057617188,
                        0.0,
                        0.0,
                        0.0,
                        1.0
                    ]
                }
            ]
        },
        {
            "UID": 2745748269,
            "ParentUID": 3918494390,
            "Name": "joint21",
            "Tag": "Default",
            "Static": 0,
            "ActiveInHierarchy": 1,
            "ActiveSelf": 1,
            "isBoneRoot": 0,
            "baseState": [
                1.0,
                0.0,
                0.0,
                0.0,
                0.0,
                1.0,
                0.0,
                0.0,
                0.0,
                0.0,
                1.0,
                0.0,
                0.0,
                0.0,
                0.0,
                1.0
            ],
            "Navigable": 0,
            "No Walkable": 0,
            "openInHierarchy": 1,
            "isPrefab": 0,
            "isPrefabSync": 0,
            "prefabUID": 0,
            "Components": [
                {
                    "Type": 0,
                    "Enabled": 1,
                    "Position": [
                        0.0,
                        0.0,
                        0.0
                    ],
                    "Rotation": [
                        0.0,
                        0.0,
                        0.0,
                        1.0
                    ],
                    "Euler": [
                        -0.0,
                        0.0,
                        -0.0
                    ],
                    "Scale": [
                        1.0,
                        1.0,
                        1.0
                    ],
                    "Global": [
                        0.3063974380493164,
                        -0.5637390613555908,
                        -0.7670826315879822,
                        -1670.299560546875,
                        0.9199763536453247,
                        0.3823091983795166,
                        0.08650411665439606,
                        397.5193786621094,
                        0.2444971352815628,
                        -0.7322026491165161,
                        0.6357651948928833,
                        989.6159057617188,
                        0.0,
                        0.0,
                        0.0,
                        1.0
                    ]
                }
            ]
        },
        {
            "UID": 2188340085,
            "ParentUID": 2745748269,
            "Name": "joint22_$AssimpFbx$_Translation",
            "Tag": "Default",
            "Static": 0,
            "ActiveInHierarchy": 1,
            "ActiveSelf": 1,
            "isBoneRoot": 0,
            "baseState": [
                1.0,
                0.0,
                0.0,
                0.0,
                0.0,
                1.0,
                0.0,
                0.0,
                0.0,
                0.0,
                1.0,
                0.0,
                0.0,
                0.0,
                0.0,
                1.0
            ],
            "Navigable": 0,
            "No Walkable": 0,
            "openInHierarchy": 1,
            "isPrefab": 0,
            "isPrefabSync": 0,
            "prefabUID": 0,
            "Components": [
                {
                    "Type": 0,
                    "Enabled": 1,
                    "Position": [
                        -32.44455337524414,
                        0.0000014931154055375374,
                        1.5987211554602255e-14
                    ],
                    "Rotation": [
                        0.0,
                        0.0,
                        0.0,
                        1.0
                    ],
                    "Euler": [
                        -0.0,
                        0.0,
                        -0.0
                    ],
                    "Scale": [
                        1.0,
                        1.0,
                        1.0
                    ],
                    "Global": [
                        0.3063974380493164,
                        -0.5637390613555908,
                        -0.7670826315879822,
                        -1680.240478515625,
                        0.9199763536453247,
                        0.3823091983795166,
                        0.08650411665439606,
                        367.671142578125,
                        0.2444971352815628,
                        -0.7322026491165161,
                        0.6357651948928833,
                        981.6832885742188,
                        0.0,
                        0.0,
                        0.0,
                        1.0
                    ]
                }
            ]
        },
        {
            "UID": 1477051493,
            "ParentUID": 2188340085,
            "Name": "joint22_$AssimpFbx$_PreRotation",
            "Tag": "Default",
            "Static": 0,
            "ActiveInHierarchy": 1,
            "ActiveSelf": 1,
            "isBoneRoot": 0,
            "baseState": [
                1.0,
                0.0,
                0.0,
                0.0,
                0.0,
                1.0,
                0.0,
                0.0,
                0.0,
                0.0,
                1.0,
                0.0,
                0.0,
                0.0,
                0.0,
                1.0
            ],
            "Navigable": 0,
            "No Walkable": 0,
            "openInHierarchy": 1,
            "isPrefab": 0,
            "isPrefabSync": 0,
            "prefabUID": 0,
            "Components": [
                {
                    "Type": 0,
                    "Enabled": 1,
                    "Position": [
                        0.0,
                        0.0,
                        0.0
                    ],
                    "Rotation": [
                        0.0,
                        0.0,
                        0.32744652032852175,
                        0.9448696970939636
                    ],
                    "Euler": [
                        -0.0,
                        0.0,
                        38.22772216796875
                    ],
                    "Scale": [
                        1.0,
                        1.0,
                        1.0
                    ],
                    "Global": [
                        -0.10814249515533447,
                        -0.6324447393417358,
                        -0.7670826315879822,
                        -1680.240478515625,
                        0.9592629671096802,
                        -0.26894503831863406,
                        0.08650411665439606,
                        367.671142578125,
                        -0.26101207733154299,
                        -0.7264793515205383,
                        0.6357651948928833,
                        981.6832885742188,
                        0.0,
                        0.0,
                        0.0,
                        1.0
                    ]
                }
            ]
        },
        {
            "UID": 4177229636,
            "ParentUID": 1477051493,
            "Name": "joint22_$AssimpFbx$_Rotation",
            "Tag": "Default",
            "Static": 0,
            "ActiveInHierarchy": 1,
            "ActiveSelf": 1,
            "isBoneRoot": 0,
            "baseState": [
                1.0,
                0.0,
                0.0,
                0.0,
                0.0,
                1.0,
                0.0,
                0.0,
                0.0,
                0.0,
                1.0,
                0.0,
                0.0,
                0.0,
                0.0,
                1.0
