{
    "GameObjects": [
        {
            "UID": 2635606714,
            "ParentUID": 3783145981,
            "Name": "BasicGoldEnemy",
            "Tag": "Default",
            "Static": 0,
            "ActiveInHierarchy": 1,
            "ActiveSelf": 1,
            "isBoneRoot": 0,
            "baseState": [
                1.0,
                0.0,
                0.0,
                0.0,
                0.0,
                1.0,
                0.0,
                0.0,
                0.0,
                0.0,
                1.0,
                0.0,
                0.0,
                0.0,
                0.0,
                1.0
            ],
            "Navigable": 0,
            "No Walkable": 0,
            "openInHierarchy": 1,
            "isPrefab": 1,
            "isPrefabSync": 1,
            "prefabUID": 3148311556,
            "prefabTimeStamp": 1572984162,
            "Components": [
                {
                    "Type": 0,
                    "Enabled": 1,
                    "Position": [
                        1643.681884765625,
                        169.5118408203125,
                        -23.702392578125
                    ],
                    "Rotation": [
                        -0.000001489068836235674,
                        -0.9432384371757507,
                        -0.000014411968550120946,
                        0.3321163058280945
                    ],
                    "Euler": [
                        -179.9979248046875,
                        -38.794551849365237,
                        -179.99908447265626
                    ],
                    "Scale": [
                        1.0001214742660523,
                        1.0,
                        1.0001214742660523
                    ],
                    "Global": [
                        -0.7794921398162842,
                        0.000012381993656163104,
                        -0.6266058683395386,
                        1643.681884765625,
                        -0.000006764626959920861,
                        1.0,
                        0.000028180356821394527,
                        169.5118408203125,
                        0.6266058683395386,
                        0.000026198757041129285,
                        -0.7794921398162842,
                        -23.702392578125,
                        0.0,
                        0.0,
                        0.0,
                        1.0
                    ]
                },
                {
                    "Type": 9,
                    "Enabled": 1,
                    "script": "BasicEnemyAIScript",
                    "scriptInfo": {
                        "activationDistance": 1000.0,
                        "chaseSpeed": 200.0,
                        "returnSpeed": 150.0,
                        "returnDistance": 1500.0,
                        "attackDuration": 1.0,
                        "attackDamage": 40.0,
                        "attackRange": 100.0,
                        "attackDelay": 0.25,
                        "cooldownTime": 1.0
                    }
                },
                {
                    "Type": 9,
                    "Enabled": 1,
                    "script": "EnemyControllerScript",
                    "scriptInfo": {
                        "type": 0,
                        "level": 2,
                        "playerTag": "Player",
                        "health": 20,
                        "experience": 30,
                        "enemyCursor": "RedGlow.cur",
                        "lootDelay": 0.5,
                        "lootRadius": 100.0,
                        "lootChance": 20.0
                    }
                },
                {
                    "Type": 15,
                    "Enabled": 1,
                    "pos": [
                        0.0,
                        120.0,
                        0.0
                    ],
                    "r": [
                        50.0,
                        100.0,
                        30.0
                    ],
                    "boxType": 3,
                    "debug_draw": 1
                },
                {
                    "Type": 9,
                    "Enabled": 1,
                    "script": "LootDropScript",
                    "scriptInfo": {
                        "NumberOfItems": 1,
                        "ItemPrefabName0": "Health Potion_animated",
                        "animate": 0,
                        "animDuration": 0.800000011920929,
                        "animHigh": 200.0
                    }
                }
            ]
        },
        {
            "UID": 1638717494,
            "ParentUID": 2635606714,
            "Name": "Scene",
            "Tag": "Default",
            "Static": 0,
            "ActiveInHierarchy": 1,
            "ActiveSelf": 1,
            "isBoneRoot": 1,
            "baseState": [
                1.0,
                0.0,
                0.0,
                0.0,
                0.0,
                1.0,
                0.0,
                0.0,
                0.0,
                0.0,
                1.0,
                0.0,
                0.0,
                0.0,
                0.0,
                1.0
            ],
            "Navigable": 0,
            "No Walkable": 0,
            "openInHierarchy": 1,
            "isPrefab": 0,
            "isPrefabSync": 0,
            "prefabUID": 0,
            "Components": [
                {
                    "Type": 0,
                    "Enabled": 1,
                    "Position": [
                        0.0,
                        0.0,
                        -0.0001220703125
                    ],
                    "Rotation": [
                        -2.273736618907049e-13,
                        3.0814879110195777e-33,
                        -2.273736618907049e-13,
                        1.0
                    ],
                    "Euler": [
                        -2.6055100785238318e-11,
                        5.924244029583478e-24,
                        -2.6055100785238318e-11
                    ],
                    "Scale": [
                        1.0,
                        1.0,
                        1.0
                    ],
                    "Global": [
                        -0.7794921398162842,
                        0.000012381993656163104,
                        -0.6266058683395386,
                        1643.6820068359376,
                        -0.000006764627414668212,
                        1.0,
                        0.000028180356821394527,
                        169.5118408203125,
                        0.6266058683395386,
                        0.000026198757041129285,
                        -0.7794921398162842,
                        -23.70229721069336,
                        0.0,
                        0.0,
                        0.0,
                        1.0
                    ]
                },
                {
                    "Type": 4,
                    "Enabled": 1,
                    "stateMachineUID": 418487297
                }
            ]
        },
        {
            "UID": 605326711,
            "ParentUID": 1638717494,
            "Name": "joint1_$AssimpFbx$_Translation",
            "Tag": "Default",
            "Static": 0,
            "ActiveInHierarchy": 1,
            "ActiveSelf": 1,
            "isBoneRoot": 0,
            "baseState": [
                1.0,
                0.0,
                0.0,
                0.0,
                0.0,
                1.0,
                0.0,
                0.0,
                0.0,
                0.0,
                1.0,
                0.0,
                0.0,
                0.0,
                0.0,
                1.0
            ],
            "Navigable": 0,
            "No Walkable": 0,
            "openInHierarchy": 0,
            "isPrefab": 0,
            "isPrefabSync": 0,
            "prefabUID": 0,
            "Components": [
                {
                    "Type": 0,
                    "Enabled": 1,
                    "Position": [
                        0.0,
                        80.29695892333985,
                        -0.9262917041778565
                    ],
                    "Rotation": [
                        0.0,
                        0.0,
                        0.0,
                        1.0
                    ],
                    "Euler": [
                        -0.0,
                        0.0,
                        -0.0
                    ],
                    "Scale": [
                        1.0,
                        1.0,
                        1.0
                    ],
                    "Global": [
                        -0.7794921398162842,
                        0.000012381993656163104,
                        -0.6266058683395386,
                        1644.263427734375,
                        -0.000006764627414668212,
                        1.0,
                        0.000028180356821394527,
                        249.80877685546876,
                        0.6266058683395386,
                        0.000026198757041129285,
                        -0.7794921398162842,
                        -22.97815704345703,
                        0.0,
                        0.0,
                        0.0,
                        1.0
                    ]
                }
            ]
        },
        {
            "UID": 2080754086,
            "ParentUID": 605326711,
            "Name": "joint1_$AssimpFbx$_PreRotation",
            "Tag": "Default",
            "Static": 0,
            "ActiveInHierarchy": 1,
            "ActiveSelf": 1,
            "isBoneRoot": 0,
            "baseState": [
                1.0,
                0.0,
                0.0,
                0.0,
                0.0,
                1.0,
                0.0,
                0.0,
                0.0,
                0.0,
                1.0,
                0.0,
                0.0,
                0.0,
                0.0,
                1.0
            ],
            "Navigable": 0,
            "No Walkable": 0,
            "openInHierarchy": 1,
            "isPrefab": 0,
            "isPrefabSync": 0,
            "prefabUID": 0,
            "Components": [
                {
                    "Type": 0,
                    "Enabled": 1,
                    "Position": [
                        0.0,
                        0.0,
                        0.0
                    ],
                    "Rotation": [
                        0.3336539566516876,
                        0.6234381198883057,
                        0.3336539566516876,
                        0.6234381198883057
                    ],
                    "Euler": [
                        56.309932708740237,
                        90.0,
                        0.0
                    ],
                    "Scale": [
                        1.0,
                        1.0,
                        1.0
                    ],
                    "Global": [
                        0.34758883714675906,
                        -0.5213608145713806,
                        -0.779492199420929,
                        1644.263427734375,
                        0.8320347666740418,
                        0.5547235608100891,
                        -0.00000676463150739437,
                        249.80877685546876,
                        0.4324062168598175,
                        -0.6485621929168701,
                        0.6266060471534729,
                        -22.97815704345703,
                        0.0,
                        0.0,
                        0.0,
                        1.0
                    ]
                }
            ]
        },
        {
            "UID": 2057403854,
            "ParentUID": 2080754086,
            "Name": "joint1_$AssimpFbx$_Rotation",
            "Tag": "Default",
            "Static": 0,
            "ActiveInHierarchy": 1,
            "ActiveSelf": 1,
            "isBoneRoot": 0,
            "baseState": [
                1.0,
                0.0,
                0.0,
                0.0,
                0.0,
                1.0,
                0.0,
                0.0,
                0.0,
                0.0,
                1.0,
                0.0,
                0.0,
                0.0,
                0.0,
                1.0
            ],
            "Navigable": 0,
            "No Walkable": 0,
            "openInHierarchy": 1,
            "isPrefab": 0,
            "isPrefabSync": 0,
            "prefabUID": 0,
            "Components": [
                {
                    "Type": 0,
                    "Enabled": 1,
                    "Position": [
                        0.0,
                        0.0,
                        0.0
                    ],
                    "Rotation": [
                        0.0,
                        0.0,
                        0.0,
                        1.0
                    ],
                    "Euler": [
                        -0.0,
                        0.0,
                        -0.0
                    ],
                    "Scale": [
                        1.0,
                        1.0,
                        1.0
                    ],
                    "Global": [
                        0.34758883714675906,
                        -0.5213608145713806,
                        -0.779492199420929,
                        1644.263427734375,
                        0.8320347666740418,
                        0.5547235608100891,
                        -0.00000676463150739437,
                        249.80877685546876,
                        0.4324062168598175,
                        -0.6485621929168701,
                        0.6266060471534729,
                        -22.97815704345703,
                        0.0,
                        0.0,
                        0.0,
                        1.0
                    ]
                }
            ]
        },
        {
            "UID": 231214134,
            "ParentUID": 2057403854,
            "Name": "joint1",
            "Tag": "Default",
            "Static": 0,
            "ActiveInHierarchy": 1,
            "ActiveSelf": 1,
            "isBoneRoot": 0,
            "baseState": [
                1.0,
                0.0,
                0.0,
                0.0,
                0.0,
                1.0,
                0.0,
                0.0,
                0.0,
                0.0,
                1.0,
                0.0,
                0.0,
                0.0,
                0.0,
                1.0
            ],
            "Navigable": 0,
            "No Walkable": 0,
            "openInHierarchy": 1,
            "isPrefab": 0,
            "isPrefabSync": 0,
            "prefabUID": 0,
            "Components": [
                {
                    "Type": 0,
                    "Enabled": 1,
                    "Position": [
                        0.0,
                        0.0,
                        0.0
                    ],
                    "Rotation": [
                        0.0,
                        0.0,
                        0.0,
                        1.0
                    ],
                    "Euler": [
                        -0.0,
                        0.0,
                        -0.0
                    ],
                    "Scale": [
                        1.0,
                        1.0,
                        1.0
                    ],
                    "Global": [
                        0.34758883714675906,
                        -0.5213608145713806,
                        -0.779492199420929,
                        1644.263427734375,
                        0.8320347666740418,
                        0.5547235608100891,
                        -0.00000676463150739437,
                        249.80877685546876,
                        0.4324062168598175,
                        -0.6485621929168701,
                        0.6266060471534729,
                        -22.97815704345703,
                        0.0,
                        0.0,
                        0.0,
                        1.0
                    ]
                }
            ]
        },
        {
            "UID": 2371416152,
            "ParentUID": 231214134,
            "Name": "joint20_$AssimpFbx$_Translation",
            "Tag": "Default",
            "Static": 0,
            "ActiveInHierarchy": 1,
            "ActiveSelf": 1,
            "isBoneRoot": 0,
            "baseState": [
                1.0,
                0.0,
                0.0,
                0.0,
                0.0,
                1.0,
                0.0,
                0.0,
                0.0,
                0.0,
                1.0,
                0.0,
                0.0,
                0.0,
                0.0,
                1.0
            ],
            "Navigable": 0,
            "No Walkable": 0,
            "openInHierarchy": 0,
            "isPrefab": 0,
            "isPrefabSync": 0,
            "prefabUID": 0,
            "Components": [
                {
                    "Type": 0,
                    "Enabled": 1,
                    "Position": [
                        -8.145440101623536,
                        -4.3170294761657719,
                        -16.304399490356447
                    ],
                    "Rotation": [
                        0.0,
                        0.0,
                        0.0,
                        1.0
                    ],
                    "Euler": [
                        -0.0,
                        0.0,
                        -0.0
                    ],
                    "Scale": [
                        1.0,
                        1.0,
                        1.0
                    ],
                    "Global": [
                        0.34758883714675906,
                        -0.5213608145713806,
                        -0.779492199420929,
                        1656.39208984375,
                        0.8320347666740418,
                        0.5547235608100891,
                        -0.00000676463150739437,
                        240.6368408203125,
                        0.4324062168598175,
                        -0.6485621929168701,
                        0.6266060471534729,
                        -33.9168701171875,
                        0.0,
                        0.0,
                        0.0,
                        1.0
                    ]
                }
            ]
        },
        {
            "UID": 4256948968,
            "ParentUID": 2371416152,
            "Name": "joint20_$AssimpFbx$_PreRotation",
            "Tag": "Default",
            "Static": 0,
            "ActiveInHierarchy": 1,
            "ActiveSelf": 1,
            "isBoneRoot": 0,
            "baseState": [
                1.0,
                0.0,
                0.0,
                0.0,
                0.0,
                1.0,
                0.0,
                0.0,
                0.0,
                0.0,
                1.0,
                0.0,
                0.0,
                0.0,
                0.0,
                1.0
            ],
            "Navigable": 0,
            "No Walkable": 0,
            "openInHierarchy": 1,
            "isPrefab": 0,
            "isPrefabSync": 0,
            "prefabUID": 0,
            "Components": [
                {
                    "Type": 0,
                    "Enabled": 1,
                    "Position": [
                        0.0,
                        0.0,
                        0.0
                    ],
                    "Rotation": [
                        0.9570669531822205,
                        0.2897765338420868,
                        -0.0069349161349236969,
                        0.0020996779203414919
                    ],
                    "Euler": [
                        179.53939819335938,
                        -0.6908596158027649,
                        -33.69284439086914
                    ],
                    "Scale": [
                        0.9999999403953552,
                        1.0,
                        0.9999999403953552
                    ],
                    "Global": [
                        0.011308259330689907,
                        0.6266062259674072,
                        0.7794102430343628,
                        1656.39208984375,
                        0.9998950958251953,
                        -0.000028133392333984376,
                        -0.014484467916190625,
                        240.6368408203125,
                        -0.009054156020283699,
                        0.7794923186302185,
                        -0.6265408396720886,
                        -33.9168701171875,
                        0.0,
                        0.0,
                        0.0,
                        1.0
                    ]
                }
            ]
        },
        {
            "UID": 3340539313,
            "ParentUID": 4256948968,
            "Name": "joint20_$AssimpFbx$_Rotation",
            "Tag": "Default",
            "Static": 0,
            "ActiveInHierarchy": 1,
            "ActiveSelf": 1,
            "isBoneRoot": 0,
            "baseState": [
                1.0,
                0.0,
                0.0,
                0.0,
                0.0,
                1.0,
                0.0,
                0.0,
                0.0,
                0.0,
                1.0,
                0.0,
                0.0,
                0.0,
                0.0,
                1.0
            ],
            "Navigable": 0,
            "No Walkable": 0,
            "openInHierarchy": 1,
            "isPrefab": 0,
            "isPrefabSync": 0,
            "prefabUID": 0,
            "Components": [
                {
                    "Type": 0,
                    "Enabled": 1,
                    "Position": [
                        0.0,
                        0.0,
                        0.0
                    ],
                    "Rotation": [
                        -0.15156787633895875,
                        -0.031508222222328189,
                        0.19877853989601136,
                        0.9677404165267944
                    ],
                    "Euler": [
                        -16.434404373168947,
                        -6.96369743347168,
                        22.207935333251954
                    ],
                    "Scale": [
                        0.9999999403953552,
                        1.0,
                        1.0
                    ],
                    "Global": [
                        0.25801894068717959,
                        0.3056473433971405,
                        0.9166512489318848,
                        1656.39208984375,
                        0.9188705682754517,
                        -0.3707354962825775,
                        -0.13502582907676698,
                        240.6368408203125,
                        0.2985648512840271,
                        0.8771231770515442,
                        -0.37650710344314577,
                        -33.9168701171875,
                        0.0,
                        0.0,
                        0.0,
                        1.0
                    ]
                }
            ]
        },
        {
            "UID": 3342092917,
            "ParentUID": 3340539313,
            "Name": "joint20",
            "Tag": "Default",
            "Static": 0,
            "ActiveInHierarchy": 1,
            "ActiveSelf": 1,
            "isBoneRoot": 0,
            "baseState": [
                1.0,
                0.0,
                0.0,
                0.0,
                0.0,
                1.0,
                0.0,
                0.0,
                0.0,
                0.0,
                1.0,
                0.0,
                0.0,
                0.0,
                0.0,
                1.0
            ],
            "Navigable": 0,
            "No Walkable": 0,
            "openInHierarchy": 1,
            "isPrefab": 0,
            "isPrefabSync": 0,
            "prefabUID": 0,
            "Components": [
                {
                    "Type": 0,
                    "Enabled": 1,
                    "Position": [
                        0.0,
                        0.0,
                        0.0
                    ],
                    "Rotation": [
                        0.0,
                        0.0,
                        0.0,
                        1.0
                    ],
                    "Euler": [
                        -0.0,
                        0.0,
                        -0.0
                    ],
                    "Scale": [
                        1.0,
                        1.0,
                        1.0
                    ],
                    "Global": [
                        0.25801894068717959,
                        0.3056473433971405,
                        0.9166512489318848,
                        1656.39208984375,
                        0.9188705682754517,
                        -0.3707354962825775,
                        -0.13502582907676698,
                        240.6368408203125,
                        0.2985648512840271,
                        0.8771231770515442,
                        -0.37650710344314577,
                        -33.9168701171875,
                        0.0,
                        0.0,
                        0.0,
                        1.0
                    ]
                }
            ]
        },
        {
            "UID": 3306111910,
            "ParentUID": 3342092917,
            "Name": "joint21_$AssimpFbx$_Translation",
            "Tag": "Default",
            "Static": 0,
            "ActiveInHierarchy": 1,
            "ActiveSelf": 1,
            "isBoneRoot": 0,
            "baseState": [
                1.0,
                0.0,
                0.0,
                0.0,
                0.0,
                1.0,
                0.0,
                0.0,
                0.0,
                0.0,
                1.0,
                0.0,
                0.0,
                0.0,
                0.0,
                1.0
            ],
            "Navigable": 0,
            "No Walkable": 0,
            "openInHierarchy": 1,
            "isPrefab": 0,
            "isPrefabSync": 0,
            "prefabUID": 0,
            "Components": [
                {
                    "Type": 0,
                    "Enabled": 1,
                    "Position": [
                        -27.607698440551759,
                        -9.2376947359433e-15,
                        -0.000030431587219936774
                    ],
                    "Rotation": [
                        0.0,
                        0.0,
                        0.0,
                        1.0
                    ],
                    "Euler": [
                        -0.0,
                        0.0,
                        -0.0
                    ],
                    "Scale": [
                        1.0,
                        1.0,
                        1.0
                    ],
                    "Global": [
                        0.25801894068717959,
                        0.3056473433971405,
                        0.9166512489318848,
                        1649.268798828125,
                        0.9188705682754517,
                        -0.3707354962825775,
                        -0.13502582907676698,
                        215.26895141601563,
                        0.2985648512840271,
                        0.8771231770515442,
                        -0.37650710344314577,
                        -42.1595458984375,
                        0.0,
                        0.0,
                        0.0,
                        1.0
                    ]
                }
            ]
        },
        {
            "UID": 3622376379,
            "ParentUID": 3306111910,
            "Name": "joint21_$AssimpFbx$_PreRotation",
            "Tag": "Default",
            "Static": 0,
            "ActiveInHierarchy": 1,
            "ActiveSelf": 1,
            "isBoneRoot": 0,
            "baseState": [
                1.0,
                0.0,
                0.0,
                0.0,
                0.0,
                1.0,
                0.0,
                0.0,
                0.0,
                0.0,
                1.0,
                0.0,
                0.0,
                0.0,
                0.0,
                1.0
            ],
            "Navigable": 0,
            "No Walkable": 0,
            "openInHierarchy": 1,
            "isPrefab": 0,
            "isPrefabSync": 0,
            "prefabUID": 0,
            "Components": [
                {
                    "Type": 0,
                    "Enabled": 1,
                    "Position": [
                        0.0,
                        0.0,
                        0.0
                    ],
                    "Rotation": [
                        -0.0001700803986750543,
                        0.007243810221552849,
                        -0.02347232773900032,
                        0.999698281288147
                    ],
                    "Euler": [
                        -0.0,
                        0.8303155303001404,
                        -2.6900484561920168
                    ],
                    "Scale": [
                        0.9999999403953552,
                        0.9999999403953552,
                        0.9999999403953552
                    ],
                    "Global": [
                        0.2300938367843628,
                        0.3167954087257385,
                        0.920293927192688,
                        1649.268798828125,
                        0.9371158480644226,
                        -0.3271143436431885,
                        -0.12169607728719711,
                        215.26895141601563,
                        0.26248857378959658,
                        0.8904237151145935,
                        -0.37214094400405886,
                        -42.1595458984375,
                        0.0,
                        0.0,
                        0.0,
                        1.0
                    ]
                }
            ]
        },
        {
            "UID": 2423853597,
            "ParentUID": 3622376379,
            "Name": "joint21_$AssimpFbx$_Rotation",
            "Tag": "Default",
            "Static": 0,
            "ActiveInHierarchy": 1,
            "ActiveSelf": 1,
            "isBoneRoot": 0,
            "baseState": [
                1.0,
                0.0,
                0.0,
                0.0,
                0.0,
                1.0,
                0.0,
                0.0,
                0.0,
                0.0,
                1.0,
                0.0,
                0.0,
                0.0,
                0.0,
                1.0
            ],
            "Navigable": 0,
            "No Walkable": 0,
            "openInHierarchy": 1,
            "isPrefab": 0,
            "isPrefabSync": 0,
            "prefabUID": 0,
            "Components": [
                {
                    "Type": 0,
                    "Enabled": 1,
                    "Position": [
                        0.0,
                        0.0,
                        0.0
                    ],
                    "Rotation": [
                        0.04028213396668434,
                        0.1052226722240448,
                        -0.3552475869655609,
                        0.9279572367668152
                    ],
                    "Euler": [
                        8.722052574157715,
                        9.593914031982422,
                        -42.62979507446289
                    ],
                    "Scale": [
                        1.0,
                        1.0,
                        1.0
                    ],
                    "Global": [
                        -0.24531589448451997,
                        0.3894611597061157,
                        0.8879096508026123,
                        1649.268798828125,
                        0.9199798703193665,
                        0.3823046088218689,
                        0.08648741990327835,
                        215.26895141601563,
                        -0.30576857924461367,
                        0.8380758762359619,
                        -0.4520817995071411,
                        -42.1595458984375,
                        0.0,
                        0.0,
                        0.0,
                        1.0
                    ]
                }
            ]
        },
        {
            "UID": 736223663,
            "ParentUID": 2423853597,
            "Name": "joint21",
            "Tag": "Default",
            "Static": 0,
            "ActiveInHierarchy": 1,
            "ActiveSelf": 1,
            "isBoneRoot": 0,
            "baseState": [
                1.0,
                0.0,
                0.0,
                0.0,
                0.0,
                1.0,
                0.0,
                0.0,
                0.0,
                0.0,
                1.0,
                0.0,
                0.0,
                0.0,
                0.0,
                1.0
            ],
            "Navigable": 0,
            "No Walkable": 0,
            "openInHierarchy": 1,
            "isPrefab": 0,
            "isPrefabSync": 0,
            "prefabUID": 0,
            "Components": [
                {
                    "Type": 0,
                    "Enabled": 1,
                    "Position": [
                        0.0,
                        0.0,
                        0.0
                    ],
                    "Rotation": [
                        0.0,
                        0.0,
                        0.0,
                        1.0
                    ],
                    "Euler": [
                        -0.0,
                        0.0,
                        -0.0
                    ],
                    "Scale": [
                        1.0,
                        1.0,
                        1.0
                    ],
                    "Global": [
                        -0.24531589448451997,
                        0.3894611597061157,
                        0.8879096508026123,
                        1649.268798828125,
                        0.9199798703193665,
                        0.3823046088218689,
                        0.08648741990327835,
                        215.26895141601563,
                        -0.30576857924461367,
                        0.8380758762359619,
                        -0.4520817995071411,
                        -42.1595458984375,
                        0.0,
                        0.0,
                        0.0,
                        1.0
                    ]
                }
            ]
        },
        {
            "UID": 3717425159,
            "ParentUID": 736223663,
            "Name": "joint22_$AssimpFbx$_Translation",
            "Tag": "Default",
            "Static": 0,
            "ActiveInHierarchy": 1,
            "ActiveSelf": 1,
            "isBoneRoot": 0,
            "baseState": [
                1.0,
                0.0,
                0.0,
                0.0,
                0.0,
                1.0,
                0.0,
                0.0,
                0.0,
                0.0,
                1.0,
                0.0,
                0.0,
                0.0,
                0.0,
                1.0
            ],
            "Navigable": 0,
            "No Walkable": 0,
            "openInHierarchy": 1,
            "isPrefab": 0,
            "isPrefabSync": 0,
            "prefabUID": 0,
            "Components": [
                {
                    "Type": 0,
                    "Enabled": 1,
                    "Position": [
                        -32.44455337524414,
                        0.0000014931154055375374,
                        1.5987211554602255e-14
                    ],
                    "Rotation": [
                        0.0,
                        0.0,
                        0.0,
                        1.0
                    ],
                    "Euler": [
                        -0.0,
                        0.0,
                        -0.0
                    ],
                    "Scale": [
                        1.0,
                        1.0,
                        1.0
                    ],
                    "Global": [
                        -0.24531589448451997,
                        0.3894611597061157,
                        0.8879096508026123,
                        1657.2279052734376,
                        0.9199798703193665,
                        0.3823046088218689,
                        0.08648741990327835,
                        185.42062377929688,
                        -0.30576857924461367,
                        0.8380758762359619,
                        -0.4520817995071411,
                        -32.23902130126953,
                        0.0,
                        0.0,
                        0.0,
                        1.0
                    ]
                }
            ]
        },
        {
            "UID": 1168157909,
            "ParentUID": 3717425159,
            "Name": "joint22_$AssimpFbx$_PreRotation",
            "Tag": "Default",
            "Static": 0,
            "ActiveInHierarchy": 1,
            "ActiveSelf": 1,
            "isBoneRoot": 0,
            "baseState": [
                1.0,
                0.0,
                0.0,
                0.0,
                0.0,
                1.0,
                0.0,
                0.0,
                0.0,
                0.0,
                1.0,
                0.0,
                0.0,
                0.0,
                0.0,
                1.0
            ],
            "Navigable": 0,
            "No Walkable": 0,
            "openInHierarchy": 1,
            "isPrefab": 0,
            "isPrefabSync": 0,
            "prefabUID": 0,
            "Components": [
                {
                    "Type": 0,
                    "Enabled": 1,
                    "Position": [
                        0.0,
                        0.0,
                        0.0
                    ],
                    "Rotation": [
                        0.0,
                        0.0,
                        0.32744652032852175,
                        0.9448696970939636
                    ],
                    "Euler": [
                        -0.0,
                        0.0,
                        38.22772216796875
                    ],
                    "Scale": [
                        1.0,
                        1.0,
                        1.0
                    ],
                    "Global": [
                        0.048284366726875308,
                        0.4577428698539734,
                        0.8879096508026123,
                        1657.2279052734376,
                        0.9592628479003906,
                        -0.26895079016685488,
                        0.08648741990327835,
                        185.42062377929688,
                        0.2783930003643036,
                        0.8475629687309265,
                        -0.4520817995071411,
                        -32.23902130126953,
                        0.0,
                        0.0,
                        0.0,
                        1.0
                    ]
                }
