{
    "GameObjects": [
        {
            "UID": 1584752799,
            "ParentUID": 1548548597,
            "Name": "SpinEnemy",
            "Tag": "Default",
            "Static": 0,
            "ActiveInHierarchy": 1,
            "ActiveSelf": 1,
            "isBoneRoot": 0,
            "baseState": [
                1.0,
                0.0,
                0.0,
                0.0,
                0.0,
                1.0,
                0.0,
                0.0,
                0.0,
                0.0,
                1.0,
                0.0,
                0.0,
                0.0,
                0.0,
                1.0
            ],
            "Navigable": 0,
            "No Walkable": 0,
            "openInHierarchy": 1,
            "isPrefab": 1,
            "isPrefabSync": 1,
            "prefabUID": 2439680820,
            "Components": [
                {
                    "Type": 0,
                    "Enabled": 1,
                    "Position": [
                        -3942.575927734375,
                        383.1725769042969,
                        -2564.126953125
                    ],
                    "Rotation": [
                        0.0000015245982467604336,
                        -0.6842629909515381,
                        -0.0000013821347693010467,
                        0.7292353510856628
                    ],
                    "Euler": [
                        0.0002993253874592483,
                        -86.3553466796875,
                        0.00006367808964569122
                    ],
                    "Scale": [
                        0.9999986886978149,
                        1.0,
                        0.9999986886978149
                    ],
                    "Global": [
                        0.06356821209192276,
                        -7.064932106004562e-8,
                        -0.9979761838912964,
                        -3942.575927734375,
                        -0.0000041022449295269329,
                        1.0,
                        -3.3209394700861596e-7,
                        383.1725769042969,
                        0.9979761838912964,
                        0.000004115064257348422,
                        0.06356821209192276,
                        -2564.126953125,
                        0.0,
                        0.0,
                        0.0,
                        1.0
                    ]
                },
                {
                    "Type": 15,
                    "Enabled": 1,
                    "pos": [
                        0.0,
                        120.0,
                        0.0
                    ],
                    "r": [
                        50.0,
                        100.0,
                        30.0
                    ],
                    "boxType": 3,
                    "debug_draw": 1
                },
                {
                    "Type": 9,
                    "Enabled": 1,
                    "script": "EnemyControllerScript",
                    "scriptInfo": {
                        "type": 0,
                        "level": 0,
                        "playerTag": "Player",
                        "health": 5,
                        "experience": 20,
                        "enemyCursor": "RedGlow.cur",
                        "lootDelay": 1.0,
                        "lootRadius": 100.0,
                        "lootChance": 100.0
                    }
                },
                {
                    "Type": 9,
                    "Enabled": 1,
                    "script": "SpinToWinEnemyAI",
                    "scriptInfo": {
                        "activationDistance": 1000.0,
                        "chaseSpeed": 200.0,
                        "returnSpeed": 100.0,
                        "returnDistance": 1000.0,
                        "attackDuration": 1.0,
                        "attackDamage": 10.0,
                        "attackRange": 200.0,
                        "attackDelay": 0.25,
                        "cooldownTime": 1.0
                    }
                },
                {
                    "Type": 14,
                    "Enabled": 1,
                    "audioUID": 2171212472,
                    "Volume": 1.0,
                    "PlayOnAwake": 0,
                    "Sound3D": 1,
                    "LimitPan": 0.5,
                    "FadeDist": 2500.0,
                    "Loop": 0,
                    "Rolloff": 0.30000001192092898,
                    "Pitch": 1.0
                }
            ]
        },
        {
            "UID": 2235900051,
            "ParentUID": 1584752799,
            "Name": "Scene",
            "Tag": "Default",
            "Static": 0,
            "ActiveInHierarchy": 1,
            "ActiveSelf": 1,
            "isBoneRoot": 1,
            "baseState": [
                1.0,
                0.0,
                0.0,
                0.0,
                0.0,
                1.0,
                0.0,
                0.0,
                0.0,
                0.0,
                1.0,
                0.0,
                0.0,
                0.0,
                0.0,
                1.0
            ],
            "Navigable": 0,
            "No Walkable": 0,
            "openInHierarchy": 0,
            "isPrefab": 0,
            "isPrefabSync": 0,
            "prefabUID": 0,
            "Components": [
                {
                    "Type": 0,
                    "Enabled": 1,
                    "Position": [
                        0.0,
                        -0.000030517578125,
                        0.0
                    ],
                    "Rotation": [
                        1.4210853021136109e-14,
                        -1.8626448161640497e-9,
                        -1.1368683094535245e-13,
                        1.0
                    ],
                    "Euler": [
                        1.6284436906571775e-12,
                        -2.1344335721096287e-7,
                        -1.3027550392619159e-11
                    ],
                    "Scale": [
                        1.0,
                        1.0,
                        1.0000001192092896
                    ],
                    "Global": [
                        0.06356821209192276,
                        -7.064933527090034e-8,
                        -0.9979763031005859,
                        -3942.575927734375,
                        -0.0000041022449295269329,
                        1.0,
                        -3.3209397543032539e-7,
                        383.17254638671877,
                        0.9979761838912964,
                        0.000004115064257348422,
                        0.06356821954250336,
                        -2564.126953125,
                        0.0,
                        0.0,
                        0.0,
                        1.0
                    ]
                },
                {
                    "Type": 4,
                    "Enabled": 1,
                    "stateMachineUID": 418487297
                }
            ]
        },
        {
            "UID": 4016567090,
            "ParentUID": 2235900051,
            "Name": "joint1_$AssimpFbx$_Translation",
            "Tag": "Default",
            "Static": 0,
            "ActiveInHierarchy": 1,
            "ActiveSelf": 1,
            "isBoneRoot": 0,
            "baseState": [
                1.0,
                0.0,
                0.0,
                0.0,
                0.0,
                1.0,
                0.0,
                0.0,
                0.0,
                0.0,
                1.0,
                0.0,
                0.0,
                0.0,
                0.0,
                1.0
            ],
            "Navigable": 0,
            "No Walkable": 0,
            "openInHierarchy": 0,
            "isPrefab": 0,
            "isPrefabSync": 0,
            "prefabUID": 0,
            "Components": [
                {
                    "Type": 0,
                    "Enabled": 1,
                    "Position": [
                        0.0,
                        80.29695892333985,
                        -0.9262917041778565
                    ],
                    "Rotation": [
                        0.0,
                        0.0,
                        0.0,
                        1.0
                    ],
                    "Euler": [
                        -0.0,
                        0.0,
                        -0.0
                    ],
                    "Scale": [
                        1.0,
                        1.0,
                        1.0
                    ],
                    "Global": [
                        0.06356821209192276,
                        -7.064933527090034e-8,
                        -0.9979763031005859,
                        -3941.651611328125,
                        -0.0000041022449295269329,
                        1.0,
                        -3.3209397543032539e-7,
                        463.4695129394531,
                        0.9979761838912964,
                        0.000004115064257348422,
                        0.06356821954250336,
                        -2564.185546875,
                        0.0,
                        0.0,
                        0.0,
                        1.0
                    ]
                }
            ]
        },
        {
            "UID": 1813198807,
            "ParentUID": 4016567090,
            "Name": "joint1_$AssimpFbx$_PreRotation",
            "Tag": "Default",
            "Static": 0,
            "ActiveInHierarchy": 1,
            "ActiveSelf": 1,
            "isBoneRoot": 0,
            "baseState": [
                1.0,
                0.0,
                0.0,
                0.0,
                0.0,
                1.0,
                0.0,
                0.0,
                0.0,
                0.0,
                1.0,
                0.0,
                0.0,
                0.0,
                0.0,
                1.0
            ],
            "Navigable": 0,
            "No Walkable": 0,
            "openInHierarchy": 1,
            "isPrefab": 0,
            "isPrefabSync": 0,
            "prefabUID": 0,
            "Components": [
                {
                    "Type": 0,
                    "Enabled": 1,
                    "Position": [
                        0.0,
                        0.0,
                        0.0
                    ],
                    "Rotation": [
                        0.3336539566516876,
                        0.6234381198883057,
                        0.3336539566516876,
                        0.6234381198883057
                    ],
                    "Euler": [
                        56.309932708740237,
                        90.0,
                        0.0
                    ],
                    "Scale": [
                        1.0,
                        1.0,
                        1.0
                    ],
                    "Global": [
                        0.5535776615142822,
                        -0.8303666114807129,
                        0.06356833875179291,
                        -3941.651611328125,
                        0.8320505619049072,
                        0.5546998381614685,
                        -0.0000041022453842742838,
                        463.4695129394531,
                        -0.03525800257921219,
                        0.05289424583315849,
                        0.9979763031005859,
                        -2564.185546875,
                        0.0,
                        0.0,
                        0.0,
                        1.0
                    ]
                }
            ]
        },
        {
            "UID": 284178191,
            "ParentUID": 1813198807,
            "Name": "joint1_$AssimpFbx$_Rotation",
            "Tag": "Default",
            "Static": 0,
            "ActiveInHierarchy": 1,
            "ActiveSelf": 1,
            "isBoneRoot": 0,
            "baseState": [
                1.0,
                0.0,
                0.0,
                0.0,
                0.0,
                1.0,
                0.0,
                0.0,
                0.0,
                0.0,
                1.0,
                0.0,
                0.0,
                0.0,
                0.0,
                1.0
            ],
            "Navigable": 0,
            "No Walkable": 0,
            "openInHierarchy": 1,
            "isPrefab": 0,
            "isPrefabSync": 0,
            "prefabUID": 0,
            "Components": [
                {
                    "Type": 0,
                    "Enabled": 1,
                    "Position": [
                        0.0,
                        0.0,
                        0.0
                    ],
                    "Rotation": [
                        0.0,
                        0.0,
                        0.0,
                        1.0
                    ],
                    "Euler": [
                        -0.0,
                        0.0,
                        -0.0
                    ],
                    "Scale": [
                        1.0,
                        1.0,
                        1.0
                    ],
                    "Global": [
                        0.5535776615142822,
                        -0.8303666114807129,
                        0.06356833875179291,
                        -3941.651611328125,
                        0.8320505619049072,
                        0.5546998381614685,
                        -0.0000041022453842742838,
                        463.4695129394531,
                        -0.03525800257921219,
                        0.05289424583315849,
                        0.9979763031005859,
                        -2564.185546875,
                        0.0,
                        0.0,
                        0.0,
                        1.0
                    ]
                }
            ]
        },
        {
            "UID": 3572442633,
            "ParentUID": 284178191,
            "Name": "joint1",
            "Tag": "Default",
            "Static": 0,
            "ActiveInHierarchy": 1,
            "ActiveSelf": 1,
            "isBoneRoot": 0,
            "baseState": [
                1.0,
                0.0,
                0.0,
                0.0,
                0.0,
                1.0,
                0.0,
                0.0,
                0.0,
                0.0,
                1.0,
                0.0,
                0.0,
                0.0,
                0.0,
                1.0
            ],
            "Navigable": 0,
            "No Walkable": 0,
            "openInHierarchy": 1,
            "isPrefab": 0,
            "isPrefabSync": 0,
            "prefabUID": 0,
            "Components": [
                {
                    "Type": 0,
                    "Enabled": 1,
                    "Position": [
                        0.0,
                        0.0,
                        0.0
                    ],
                    "Rotation": [
                        0.0,
                        0.0,
                        0.0,
                        1.0
                    ],
                    "Euler": [
                        -0.0,
                        0.0,
                        -0.0
                    ],
                    "Scale": [
                        1.0,
                        1.0,
                        1.0
                    ],
                    "Global": [
                        0.5535776615142822,
                        -0.8303666114807129,
                        0.06356833875179291,
                        -3941.651611328125,
                        0.8320505619049072,
                        0.5546998381614685,
                        -0.0000041022453842742838,
                        463.4695129394531,
                        -0.03525800257921219,
                        0.05289424583315849,
                        0.9979763031005859,
                        -2564.185546875,
                        0.0,
                        0.0,
                        0.0,
                        1.0
                    ]
                }
            ]
        },
        {
            "UID": 1207979897,
            "ParentUID": 3572442633,
            "Name": "joint20_$AssimpFbx$_Translation",
            "Tag": "Default",
            "Static": 0,
            "ActiveInHierarchy": 1,
            "ActiveSelf": 1,
            "isBoneRoot": 0,
            "baseState": [
                1.0,
                0.0,
                0.0,
                0.0,
                0.0,
                1.0,
                0.0,
                0.0,
                0.0,
                0.0,
                1.0,
                0.0,
                0.0,
                0.0,
                0.0,
                1.0
            ],
            "Navigable": 0,
            "No Walkable": 0,
            "openInHierarchy": 0,
            "isPrefab": 0,
            "isPrefabSync": 0,
            "prefabUID": 0,
            "Components": [
                {
                    "Type": 0,
                    "Enabled": 1,
                    "Position": [
                        -8.145440101623536,
                        -4.3170294761657719,
                        -16.304399490356447
                    ],
                    "Rotation": [
                        0.0,
                        0.0,
                        0.0,
                        1.0
                    ],
                    "Euler": [
                        -0.0,
                        0.0,
                        -0.0
                    ],
                    "Scale": [
                        1.0,
                        1.0,
                        1.0
                    ],
                    "Global": [
                        0.5535776615142822,
                        -0.8303666114807129,
                        0.06356833875179291,
                        -3943.612548828125,
                        0.8320505619049072,
                        0.5546998381614685,
                        -0.0000041022453842742838,
                        454.2975158691406,
                        -0.03525800257921219,
                        0.05289424583315849,
                        0.9979763031005859,
                        -2580.398193359375,
                        0.0,
                        0.0,
                        0.0,
                        1.0
                    ]
                }
            ]
        },
        {
            "UID": 3630616715,
            "ParentUID": 1207979897,
            "Name": "joint20_$AssimpFbx$_PreRotation",
            "Tag": "Default",
            "Static": 0,
            "ActiveInHierarchy": 1,
            "ActiveSelf": 1,
            "isBoneRoot": 0,
            "baseState": [
                1.0,
                0.0,
                0.0,
                0.0,
                0.0,
                1.0,
                0.0,
                0.0,
                0.0,
                0.0,
                1.0,
                0.0,
                0.0,
                0.0,
                0.0,
                1.0
            ],
            "Navigable": 0,
            "No Walkable": 0,
            "openInHierarchy": 1,
            "isPrefab": 0,
            "isPrefabSync": 0,
            "prefabUID": 0,
            "Components": [
                {
                    "Type": 0,
                    "Enabled": 1,
                    "Position": [
                        0.0,
                        0.0,
                        0.0
                    ],
                    "Rotation": [
                        0.9570669531822205,
                        0.2897765338420868,
                        -0.0069349161349236969,
                        0.0020996779203414919
                    ],
                    "Euler": [
                        179.53939819335938,
                        -0.6908596158027649,
                        -33.69284439086914
                    ],
                    "Scale": [
                        0.9999999403953552,
                        1.0,
                        0.9999999403953552
                    ],
                    "Global": [
                        -0.0009212431032210588,
                        0.9979766607284546,
                        -0.06356175988912583,
                        -3943.612548828125,
                        0.9998950362205505,
                        3.5762823813456637e-7,
                        -0.01448713056743145,
                        454.2975158691406,
                        -0.014457889832556248,
                        -0.06356839835643769,
                        -0.9978717565536499,
                        -2580.398193359375,
                        0.0,
                        0.0,
                        0.0,
                        1.0
                    ]
                }
            ]
        },
        {
            "UID": 3809396978,
            "ParentUID": 3630616715,
            "Name": "joint20_$AssimpFbx$_Rotation",
            "Tag": "Default",
            "Static": 0,
            "ActiveInHierarchy": 1,
            "ActiveSelf": 1,
            "isBoneRoot": 0,
            "baseState": [
                1.0,
                0.0,
                0.0,
                0.0,
                0.0,
                1.0,
                0.0,
                0.0,
                0.0,
                0.0,
                1.0,
                0.0,
                0.0,
                0.0,
                0.0,
                1.0
            ],
            "Navigable": 0,
            "No Walkable": 0,
            "openInHierarchy": 1,
            "isPrefab": 0,
            "isPrefabSync": 0,
            "prefabUID": 0,
            "Components": [
                {
                    "Type": 0,
                    "Enabled": 1,
                    "Position": [
                        0.0,
                        0.0,
                        0.0
                    ],
                    "Rotation": [
                        -0.15156787633895875,
                        -0.031508222222328189,
                        0.19877853989601136,
                        0.9677404165267944
                    ],
                    "Euler": [
                        -16.434404373168947,
                        -6.96369743347168,
                        22.207935333251954
                    ],
                    "Scale": [
                        0.9999999403953552,
                        1.0,
                        1.0
                    ],
                    "Global": [
                        0.3925926983356476,
                        0.8930461406707764,
                        0.21985873579978944,
                        -3943.612548828125,
                        0.9188817143440247,
                        -0.37070974707603457,
                        -0.13502036035060883,
                        454.2975158691406,
                        -0.03907572478055954,
                        0.25503218173980715,
                        -0.9661415815353394,
                        -2580.398193359375,
                        0.0,
                        0.0,
                        0.0,
                        1.0
                    ]
                }
            ]
        },
        {
            "UID": 2201290634,
            "ParentUID": 3809396978,
            "Name": "joint20",
            "Tag": "Default",
            "Static": 0,
            "ActiveInHierarchy": 1,
            "ActiveSelf": 1,
            "isBoneRoot": 0,
            "baseState": [
                1.0,
                0.0,
                0.0,
                0.0,
                0.0,
                1.0,
                0.0,
                0.0,
                0.0,
                0.0,
                1.0,
                0.0,
                0.0,
                0.0,
                0.0,
                1.0
            ],
            "Navigable": 0,
            "No Walkable": 0,
            "openInHierarchy": 1,
            "isPrefab": 0,
            "isPrefabSync": 0,
            "prefabUID": 0,
            "Components": [
                {
                    "Type": 0,
                    "Enabled": 1,
                    "Position": [
                        0.0,
                        0.0,
                        0.0
                    ],
                    "Rotation": [
                        0.0,
                        0.0,
                        0.0,
                        1.0
                    ],
                    "Euler": [
                        -0.0,
                        0.0,
                        -0.0
                    ],
                    "Scale": [
                        1.0,
                        1.0,
                        1.0
                    ],
                    "Global": [
                        0.3925926983356476,
                        0.8930461406707764,
                        0.21985873579978944,
                        -3943.612548828125,
                        0.9188817143440247,
                        -0.37070974707603457,
                        -0.13502036035060883,
                        454.2975158691406,
                        -0.03907572478055954,
                        0.25503218173980715,
                        -0.9661415815353394,
                        -2580.398193359375,
                        0.0,
                        0.0,
                        0.0,
                        1.0
                    ]
                }
            ]
        },
        {
            "UID": 3964873237,
            "ParentUID": 2201290634,
            "Name": "joint21_$AssimpFbx$_Translation",
            "Tag": "Default",
            "Static": 0,
            "ActiveInHierarchy": 1,
            "ActiveSelf": 1,
            "isBoneRoot": 0,
            "baseState": [
                1.0,
                0.0,
                0.0,
                0.0,
                0.0,
                1.0,
                0.0,
                0.0,
                0.0,
                0.0,
                1.0,
                0.0,
                0.0,
                0.0,
                0.0,
                1.0
            ],
            "Navigable": 0,
            "No Walkable": 0,
            "openInHierarchy": 1,
            "isPrefab": 0,
            "isPrefabSync": 0,
            "prefabUID": 0,
            "Components": [
                {
                    "Type": 0,
                    "Enabled": 1,
                    "Position": [
                        -27.607698440551759,
                        -9.2376947359433e-15,
                        -0.000030431587219936774
                    ],
                    "Rotation": [
                        0.0,
                        0.0,
                        0.0,
                        1.0
                    ],
                    "Euler": [
                        -0.0,
                        0.0,
                        -0.0
                    ],
                    "Scale": [
                        1.0,
                        1.0,
                        1.0
                    ],
                    "Global": [
                        0.3925926983356476,
                        0.8930461406707764,
                        0.21985873579978944,
                        -3954.451171875,
                        0.9188817143440247,
                        -0.37070974707603457,
                        -0.13502036035060883,
                        428.9293212890625,
                        -0.03907572478055954,
                        0.25503218173980715,
                        -0.9661415815353394,
                        -2579.3193359375,
                        0.0,
                        0.0,
                        0.0,
                        1.0
                    ]
                }
            ]
        },
        {
            "UID": 4035413802,
            "ParentUID": 3964873237,
            "Name": "joint21_$AssimpFbx$_PreRotation",
            "Tag": "Default",
            "Static": 0,
            "ActiveInHierarchy": 1,
            "ActiveSelf": 1,
            "isBoneRoot": 0,
            "baseState": [
                1.0,
                0.0,
                0.0,
                0.0,
                0.0,
                1.0,
                0.0,
                0.0,
                0.0,
                0.0,
                1.0,
                0.0,
                0.0,
                0.0,
                0.0,
                1.0
            ],
            "Navigable": 0,
            "No Walkable": 0,
            "openInHierarchy": 1,
            "isPrefab": 0,
            "isPrefabSync": 0,
            "prefabUID": 0,
            "Components": [
                {
                    "Type": 0,
                    "Enabled": 1,
                    "Position": [
                        0.0,
                        0.0,
                        0.0
                    ],
                    "Rotation": [
                        -0.0001700803986750543,
                        0.007243810221552849,
                        -0.02347232773900032,
                        0.999698281288147
                    ],
                    "Euler": [
                        -0.0,
                        0.8303155303001404,
                        -2.6900484561920168
                    ],
                    "Scale": [
                        0.9999999403953552,
                        0.9999999403953552,
                        0.9999999403953552
                    ],
                    "Global": [
                        0.347023069858551,
                        0.9103360176086426,
                        0.22552479803562165,
                        -3954.451171875,
                        0.9371256232261658,
                        -0.3270880877971649,
                        -0.12169044464826584,
                        428.9293212890625,
                        -0.037012822926044467,
                        0.2535744607448578,
                        -0.9666063189506531,
                        -2579.3193359375,
                        0.0,
                        0.0,
                        0.0,
                        1.0
                    ]
                }
            ]
        },
        {
            "UID": 3157186346,
            "ParentUID": 4035413802,
            "Name": "joint21_$AssimpFbx$_Rotation",
            "Tag": "Default",
            "Static": 0,
            "ActiveInHierarchy": 1,
            "ActiveSelf": 1,
            "isBoneRoot": 0,
            "baseState": [
                1.0,
                0.0,
                0.0,
                0.0,
                0.0,
                1.0,
                0.0,
                0.0,
                0.0,
                0.0,
                1.0,
                0.0,
                0.0,
                0.0,
                0.0,
                1.0
            ],
            "Navigable": 0,
            "No Walkable": 0,
            "openInHierarchy": 1,
            "isPrefab": 0,
            "isPrefabSync": 0,
            "prefabUID": 0,
            "Components": [
                {
                    "Type": 0,
                    "Enabled": 1,
                    "Position": [
                        0.0,
                        0.0,
                        0.0
                    ],
                    "Rotation": [
                        0.04028213396668434,
                        0.1052226722240448,
                        -0.3552475869655609,
                        0.9279572367668152
                    ],
                    "Euler": [
                        8.722052574157715,
                        9.593914031982422,
                        -42.62979507446289
                    ],
                    "Scale": [
                        1.0,
                        1.0,
                        1.0
                    ],
                    "Global": [
                        -0.3912222981452942,
                        0.9093486070632935,
                        0.1415214240550995,
                        -3954.451171875,
                        0.9199686050415039,
                        0.3823307156562805,
                        0.08649060130119324,
                        428.9293212890625,
                        0.02454206347465515,
                        0.1640322506427765,
                        -0.986148476600647,
                        -2579.3193359375,
                        0.0,
                        0.0,
                        0.0,
                        1.0
                    ]
                }
            ]
        },
        {
            "UID": 4005798540,
            "ParentUID": 3157186346,
            "Name": "joint21",
            "Tag": "Default",
            "Static": 0,
            "ActiveInHierarchy": 1,
            "ActiveSelf": 1,
            "isBoneRoot": 0,
            "baseState": [
                1.0,
                0.0,
                0.0,
                0.0,
                0.0,
                1.0,
                0.0,
                0.0,
                0.0,
                0.0,
                1.0,
                0.0,
                0.0,
                0.0,
                0.0,
                1.0
            ],
            "Navigable": 0,
            "No Walkable": 0,
            "openInHierarchy": 1,
            "isPrefab": 0,
            "isPrefabSync": 0,
            "prefabUID": 0,
            "Components": [
                {
                    "Type": 0,
                    "Enabled": 1,
                    "Position": [
                        0.0,
                        0.0,
                        0.0
                    ],
                    "Rotation": [
                        0.0,
                        0.0,
                        0.0,
                        1.0
                    ],
                    "Euler": [
                        -0.0,
                        0.0,
                        -0.0
                    ],
                    "Scale": [
                        1.0,
                        1.0,
                        1.0
                    ],
                    "Global": [
                        -0.3912222981452942,
                        0.9093486070632935,
                        0.1415214240550995,
                        -3954.451171875,
                        0.9199686050415039,
                        0.3823307156562805,
                        0.08649060130119324,
                        428.9293212890625,
                        0.02454206347465515,
                        0.1640322506427765,
                        -0.986148476600647,
                        -2579.3193359375,
                        0.0,
                        0.0,
                        0.0,
                        1.0
                    ]
                }
            ]
        },
        {
            "UID": 2015243777,
            "ParentUID": 4005798540,
            "Name": "joint22_$AssimpFbx$_Translation",
            "Tag": "Default",
            "Static": 0,
            "ActiveInHierarchy": 1,
            "ActiveSelf": 1,
            "isBoneRoot": 0,
            "baseState": [
                1.0,
                0.0,
                0.0,
                0.0,
                0.0,
                1.0,
                0.0,
                0.0,
                0.0,
                0.0,
                1.0,
                0.0,
                0.0,
                0.0,
                0.0,
                1.0
            ],
            "Navigable": 0,
            "No Walkable": 0,
            "openInHierarchy": 1,
            "isPrefab": 0,
            "isPrefabSync": 0,
            "prefabUID": 0,
            "Components": [
                {
                    "Type": 0,
                    "Enabled": 1,
                    "Position": [
                        -32.44455337524414,
                        0.0000014931154055375374,
                        1.5987211554602255e-14
                    ],
                    "Rotation": [
                        0.0,
                        0.0,
                        0.0,
                        1.0
                    ],
                    "Euler": [
                        -0.0,
                        0.0,
                        -0.0
                    ],
                    "Scale": [
                        1.0,
                        1.0,
                        1.0
                    ],
                    "Global": [
                        -0.3912222981452942,
                        0.9093486070632935,
                        0.1415214240550995,
                        -3941.758056640625,
                        0.9199686050415039,
                        0.3823307156562805,
                        0.08649060130119324,
                        399.08135986328127,
                        0.02454206347465515,
                        0.1640322506427765,
                        -0.986148476600647,
                        -2580.115478515625,
                        0.0,
                        0.0,
                        0.0,
                        1.0
                    ]
                }
            ]
        },
        {
            "UID": 2630784147,
            "ParentUID": 2015243777,
            "Name": "joint22_$AssimpFbx$_PreRotation",
            "Tag": "Default",
            "Static": 0,
            "ActiveInHierarchy": 1,
            "ActiveSelf": 1,
            "isBoneRoot": 0,
            "baseState": [
                1.0,
                0.0,
                0.0,
                0.0,
                0.0,
                1.0,
                0.0,
                0.0,
                0.0,
                0.0,
                1.0,
                0.0,
                0.0,
                0.0,
                0.0,
                1.0
            ],
            "Navigable": 0,
            "No Walkable": 0,
            "openInHierarchy": 1,
            "isPrefab": 0,
            "isPrefabSync": 0,
            "prefabUID": 0,
            "Components": [
                {
                    "Type": 0,
                    "Enabled": 1,
                    "Position": [
                        0.0,
                        0.0,
                        0.0
                    ],
                    "Rotation": [
                        0.0,
                        0.0,
                        0.32744652032852175,
                        0.9448696970939636
                    ],
                    "Euler": [
                        -0.0,
                        0.0,
                        38.22772216796875
                    ],
                    "Scale": [
                        1.0,
                        1.0,
                        1.0
                    ],
                    "Global": [
                        0.2553669214248657,
                        0.9564296007156372,
                        0.1415214240550995,
                        -3941.758056640625,
                        0.9592702388763428,
                        -0.268923282623291,
                        0.08649060130119324,
                        399.08135986328127,
                        0.12078049033880234,
                        0.11367043107748032,
                        -0.986148476600647,
                        -2580.115478515625,
                        0.0,
                        0.0,
                        0.0,
                        1.0
                    ]
                }
            ]
        },
        {
